1.398157 -0.002203 0.115369
1.408448 -0.001320 0.115397
1.360584 -0.003789 0.115319
1.548445 0.001398 0.115394
1.502519 0.002616 0.115356
1.761418 -0.004239 0.115305
1.736464 -0.006974 0.115219
1.821721 -0.003292 0.115335
1.560130 0.007144 0.115214
1.466494 0.002938 0.115346
1.309217 -0.009085 0.115037
1.520079 -0.008352 0.115106
1.808550 -0.010077 0.114943
1.820507 -0.014183 0.114555
1.743406 -0.009319 0.115015
1.571687 0.008556 0.115087
1.446836 0.009126 0.115033
1.857803 0.009335 0.115013
1.604535 0.011620 0.114797
1.474417 0.012760 0.114690
1.418172 0.015235 0.114407
1.764370 0.016723 0.114171
1.891622 0.020699 0.113541
1.523451 -0.014751 0.114483
1.430339 -0.018600 0.113874
1.519650 -0.020076 0.113640
1.734826 -0.018834 0.113837
1.889895 -0.020985 0.113496
1.299919 -0.003827 0.114318
1.558385 -0.001617 0.114388
1.749967 -0.001637 0.114387
1.853995 -0.004483 0.114297
1.786129 -0.004217 0.114306
1.863650 0.005810 0.114256
1.706212 0.004843 0.114286
1.378044 0.006884 0.114222
1.417569 0.003627 0.114324
1.341460 0.016773 0.114163
1.505824 0.017674 0.114020
1.497549 -0.006575 0.114232
1.434784 -0.008685 0.114071
1.559927 -0.009168 0.114025
1.463450 -0.013389 0.113626
1.655167 -0.012629 0.113698
1.855206 -0.011057 0.113847
1.857560 0.013052 0.113658
1.471290 0.009298 0.114013
1.547993 0.012606 0.113700
1.466878 0.011025 0.113850
1.631735 -0.014036 0.113565
1.304488 -0.017499 0.113036
1.542569 -0.015528 0.113348
1.722875 -0.016709 0.113161
1.897640 -0.017742 0.112998
1.544121 -0.019048 0.112791
1.572249 0.015974 0.113278
1.577919 0.015923 0.113286
1.670029 -0.021566 0.113404
1.296593 -0.022932 0.113103
1.454604 -0.023574 0.112959
1.819411 -0.024593 0.112732
1.852993 -0.026534 0.112298
1.768934 -0.028329 0.111896
1.763698 0.022207 0.113265
1.430166 0.022872 0.113116
1.531762 0.018119 0.112938
1.346690 0.024917 0.112659
1.529864 0.027158 0.112158
1.839740 0.021177 0.112453
1.528622 -0.021181 0.112453
1.735258 -0.021935 0.112301
1.523492 -0.023603 0.111929
1.771089 -0.025491 0.111507
1.815525 -0.027438 0.111071
1.711397 -0.023535 0.111944
1.870265 0.026194 0.111350
1.799983 0.026921 0.111187
1.400414 0.024927 0.111633
1.313008 -0.028401 0.111880
1.776974 0.032070 0.110835
1.686394 0.032343 0.110756
1.895263 0.029818 0.111489
1.333433 -0.031966 0.110865
1.728028 -0.030025 0.111429
1.717343 -0.032850 0.110608
1.403902 -0.035016 0.109979
1.710118 -0.034271 0.110195
1.404763 0.034360 0.110170
1.532513 0.033323 0.110471
1.717401 0.028098 0.110924
1.752228 0.029951 0.110410
1.574421 0.030858 0.110146
1.698513 0.032900 0.109553
1.627285 -0.029457 0.110553
1.650020 -0.030790 0.110166
1.630001 -0.033457 0.109391
1.806623 -0.033481 0.109384
1.697499 -0.031476 0.109967
1.401343 0.030560 0.110233
1.339198 0.036523 0.109482
1.658625 0.039891 0.108270
1.827852 0.041717 0.107612
1.684564 -0.035867 0.109718
1.472882 -0.036588 0.109459
1.718368 -0.040409 0.108083
1.605899 -0.039113 0.108550
1.902684 -0.042273 0.107412
1.376622 0.037870 0.108997
1.527726 0.038994 0.108593
1.793927 0.035226 0.108877
1.660797 0.037832 0.107949
1.683410 0.036405 0.108462
1.723716 0.037232 0.108165
1.566138 -0.035557 0.108768
1.286629 -0.039577 0.107320
1.438284 -0.040905 0.106842
1.375881 -0.041556 0.106608
1.654553 -0.039924 0.107196
1.616391 0.040485 0.106993
1.639125 -0.044473 0.106476
1.272116 -0.043330 0.106971
1.365897 -0.045233 0.106147
1.641618 -0.047796 0.105038
1.412247 -0.047216 0.105289
1.797171 -0.045523 0.106022
1.842421 0.045105 0.106203
1.496678 0.044785 0.106341
1.390022 0.044451 0.106486
1.344604 0.046807 0.105466
1.731322 0.042054 0.106428
1.423299 0.043770 0.105692
1.801752 0.043121 0.105972
1.710585 0.042828 0.106099
1.295430 -0.045177 0.105083
1.542165 -0.044819 0.105238
1.872599 -0.043541 0.105791
1.489278 -0.046270 0.104609
1.895012 -0.045648 0.104879
1.361996 0.046382 0.104561
1.782418 0.048514 0.103639
1.667725 0.051348 0.103332
1.807075 0.049431 0.104309
1.459881 -0.051406 0.103303
1.366063 -0.051604 0.103202
1.463534 -0.052863 0.102560
1.635365 -0.053994 0.101984
1.652759 -0.052790 0.102598
1.715687 -0.052552 0.102719
1.342798 0.051357 0.103328
1.295012 -0.048410 0.103683
1.833029 0.052962 0.101388
1.714562 0.049296 0.103256
1.616725 0.049425 0.103190
1.407488 -0.049222 0.103294
1.664224 -0.050435 0.102676
1.630384 -0.052945 0.101397
1.859437 -0.053318 0.101207
1.408532 -0.053916 0.100902
1.369447 0.051713 0.102024
1.690519 0.054799 0.100452
1.786289 -0.055827 0.101033
1.849194 -0.056070 0.100889
1.755005 -0.060426 0.098313
1.820169 -0.060309 0.098382
1.504524 -0.061585 0.097628
1.859672 0.056851 0.100427
1.806840 0.058987 0.099164
1.627921 0.057692 0.099930
1.388417 0.061781 0.097511
1.489637 0.060841 0.098068
1.545003 -0.055342 0.100158
1.543435 -0.056900 0.099237
1.835288 -0.058889 0.098061
1.828556 -0.057475 0.098897
1.682476 -0.058578 0.098245
1.657271 0.055181 0.100254
1.853141 0.060252 0.097255
1.861886 0.058353 0.098378
1.355333 0.056689 0.099362
1.681660 0.060748 0.096961
1.749648 0.066489 0.094318
1.865032 0.063909 0.096072
1.718710 0.062863 0.096783
1.696165 -0.062050 0.097335
1.467387 -0.064223 0.095858
1.679387 -0.064897 0.095400
1.891377 -0.066714 0.094165
1.725211 -0.066403 0.094377
1.688924 0.061788 0.096305
1.855451 0.064269 0.094619
1.739166 0.062066 0.096116
1.788484 -0.061589 0.096440
1.762151 -0.061449 0.096535
1.884084 -0.066771 0.092918
1.508210 -0.066720 0.092953
1.350314 -0.066837 0.092874
1.608197 0.066160 0.094542
1.540264 0.066737 0.094150
1.795395 0.066370 0.093191
1.400738 0.066702 0.092966
1.545186 0.070412 0.091407
1.693291 0.070080 0.091664
1.456163 0.069578 0.092054
1.290859 -0.070239 0.091541
1.357616 -0.071752 0.090367
1.788433 -0.073247 0.089207
1.677401 -0.071091 0.090880
1.836627 -0.070083 0.091661
1.773417 0.067484 0.092413
1.740440 0.067795 0.092171
1.698480 0.070719 0.089904
1.246555 -0.070802 0.089839
1.571020 -0.067344 0.092521
1.588603 -0.072034 0.088884
1.570444 -0.072161 0.088785
1.850671 -0.069357 0.090960
1.413780 0.069841 0.091849
1.688882 0.073487 0.089021
1.770509 0.072682 0.088381
1.512428 0.072916 0.088199
1.727724 0.077183 0.085773
1.747968 0.076906 0.086017
1.696413 0.074644 0.088011
1.310325 -0.077721 0.085299
1.612062 -0.075786 0.087005
1.397723 -0.078394 0.084705
1.730974 -0.076433 0.086434
1.821692 -0.075729 0.087055
1.783560 0.073100 0.088040
1.578403 0.074500 0.086806
1.762490 0.075767 0.085689
1.474009 -0.074326 0.086960
1.258945 -0.073454 0.087728
1.421049 -0.076272 0.085244
1.449987 -0.078096 0.083636
1.631578 -0.077831 0.083870
1.505020 0.078615 0.084511
1.496540 0.076493 0.086382
1.551367 0.076471 0.085068
1.306514 -0.078881 0.084276
1.846692 0.081882 0.081292
1.815317 0.081455 0.081719
1.852998 0.080099 0.083075
1.533882 -0.079204 0.083970
1.292203 -0.083300 0.079874
1.749263 -0.081135 0.082039
1.625872 -0.082243 0.080931
1.557457 -0.083209 0.079965
1.421045 0.079258 0.082502
1.696354 0.079112 0.082648
1.873944 0.082386 0.079374
1.289916 -0.080837 0.080924
1.627236 -0.079866 0.081894
1.451788 -0.081326 0.080434
1.552642 -0.082059 0.079702
1.814767 -0.079985 0.081776
1.580889 0.082402 0.080772
1.551329 0.082899 0.080275
1.371109 0.079926 0.081834
1.273354 -0.084085 0.079089
1.494551 -0.084563 0.078556
1.282298 -0.087360 0.075383
1.780134 -0.084656 0.078450
1.631840 -0.087588 0.075124
1.712163 -0.087830 0.074850
1.597385 0.084615 0.078497
1.826738 0.084519 0.078605
1.832734 0.087107 0.075670
1.239828 -0.084218 0.077436
1.319718 -0.085183 0.076341
1.344869 -0.086968 0.074316
1.787245 -0.087404 0.073821
1.836795 -0.087214 0.074037
1.580064 -0.087764 0.073413
1.684684 0.085683 0.075774
1.535583 0.085392 0.076104
1.372384 0.088419 0.074071
1.567720 0.088000 0.074658
1.751056 0.087884 0.073277
1.414278 0.086129 0.075268
1.307135 -0.091721 0.070007
1.379596 -0.091741 0.069980
1.307924 -0.090812 0.071178
1.402544 -0.092989 0.068372
1.805076 -0.091018 0.070912
1.903750 -0.092323 0.068113
1.782365 0.090657 0.071378
1.615585 0.090766 0.071238
1.668333 -0.089617 0.071089
1.268280 -0.091294 0.068926
1.517471 -0.089751 0.070915
1.556475 -0.091035 0.069260
1.723397 -0.091804 0.068268
1.504927 -0.091374 0.068823
1.436939 0.089331 0.071458
1.902978 0.091824 0.068244
1.585882 0.089002 0.071881
1.768823 0.093248 0.068038
1.638630 0.092242 0.067704
1.379000 0.090601 0.069819
1.883035 0.096608 0.063120
1.667402 0.094719 0.065899
1.891122 0.097296 0.062107
1.440931 -0.094380 0.066399
1.690796 -0.094062 0.066866
1.766237 -0.094885 0.065655
1.711463 -0.094563 0.066129
1.712520 -0.096009 0.064002
1.724553 0.092736 0.067040
1.664352 0.093632 0.065721
1.623138 0.093261 0.066266
1.389481 -0.094699 0.064151
1.231474 -0.093869 0.065372
1.604775 -0.094124 0.064997
1.296587 -0.096087 0.062108
1.834204 -0.096152 0.062013
1.510947 -0.094977 0.063742
1.433882 0.095528 0.064710
1.568078 0.096297 0.061799
1.728055 0.096054 0.062157
1.343590 -0.099392 0.058602
1.396964 -0.099667 0.058137
1.214153 -0.098223 0.060578
1.706330 -0.098621 0.059904
1.901571 -0.100983 0.055911
1.566913 -0.099907 0.057731
1.743377 0.099939 0.057676
1.772819 0.099515 0.058393
1.508031 -0.097821 0.059294
1.324312 -0.096689 0.061208
1.624896 -0.097171 0.060393
1.834501 -0.099165 0.057021
1.886635 -0.099164 0.057024
1.465897 -0.099367 0.056680
1.538197 0.097035 0.060623
1.472627 0.097926 0.059116
1.603591 0.097881 0.059193
1.492517 0.101024 0.055842
1.513454 0.099110 0.057114
1.617877 0.099685 0.056142
1.766268 -0.101799 0.054357
1.360549 -0.101782 0.054391
1.426241 -0.101603 0.054741
1.663010 -0.103098 0.051807
1.426805 -0.103485 0.051049
1.804429 -0.102336 0.053303
1.833717 0.102211 0.053550
1.760516 0.102654 0.052679
1.403033 -0.100321 0.055056
1.841963 -0.100414 0.054873
1.352548 -0.101521 0.052702
1.623796 -0.103309 0.049192
1.534697 -0.102843 0.050107
1.689935 -0.102049 0.051665
1.564494 0.100816 0.054084
1.591656 0.101871 0.052015
1.663779 0.100932 0.053858
1.642417 0.103549 0.050923
1.626663 0.102875 0.050044
1.810409 0.103434 0.048947
1.461183 -0.104493 0.049056
1.232362 -0.106318 0.044838
1.261359 -0.105663 0.046353
1.882294 -0.105194 0.047437
1.775373 -0.105592 0.046516
1.650353 -0.105523 0.046675
1.697527 0.105753 0.046145
1.735960 0.106156 0.045212
1.531543 -0.103584 0.048640
1.347468 -0.105489 0.044239
1.286747 -0.103827 0.048079
1.805232 -0.105701 0.043748
1.700309 -0.105113 0.045108
1.642028 -0.105926 0.043227
1.604305 0.103747 0.048264
1.800347 0.104135 0.047367
1.866443 0.104886 0.045630
1.629959 0.106240 0.045018
1.391184 0.104791 0.045851
1.410434 0.105664 0.043832
1.453891 0.107426 0.042233
1.693721 0.108968 0.037951
1.838137 0.109031 0.037776
1.312884 -0.107444 0.042184
1.213361 -0.108423 0.039464
1.342076 -0.108878 0.038202
1.656002 -0.108365 0.039625
1.784119 -0.108307 0.039786
1.732160 0.106470 0.041940
1.594042 0.106804 0.041012
1.865367 0.106489 0.041886
1.437742 -0.107318 0.039584
1.568283 -0.106555 0.041703
1.421532 -0.107387 0.039391
1.595991 -0.107961 0.037798
1.892964 -0.107065 0.040286
1.784702 -0.108170 0.037217
1.572208 0.109692 0.035942
1.597370 0.107958 0.037805
1.777151 0.108426 0.036506
1.556098 0.109996 0.034959
1.673996 0.110887 0.031890
1.827000 0.109910 0.035253
1.322599 -0.110928 0.031750
1.584531 -0.110526 0.033135
1.282767 -0.110766 0.032307
1.686061 -0.110631 0.032774
1.705172 -0.110525 0.033136
1.732292 -0.108836 0.035366
1.636654 0.109716 0.032340
1.856219 0.108902 0.035142
1.216226 -0.110437 0.029859
1.415258 -0.108957 0.034950
1.512732 -0.109096 0.034474
1.862974 -0.110182 0.030737
1.682963 -0.110223 0.030595
1.644703 -0.109690 0.032429
1.397184 0.111020 0.031433
1.567684 0.109892 0.031732
1.596565 0.110245 0.030518
1.515671 -0.112562 0.025351
1.271318 -0.112697 0.024748
1.576083 -0.112325 0.026412
1.514748 -0.113100 0.022942
1.847884 -0.113259 0.022234
1.440698 -0.113085 0.023013
1.816926 0.112060 0.027595
1.815370 0.112962 0.023563
1.870721 0.112833 0.024139
1.243279 -0.111610 0.025028
1.579580 -0.111084 0.027380
1.738662 -0.112138 0.022668
1.594346 -0.112115 0.022769
1.865231 -0.111765 0.024333
1.565548 0.110926 0.028090
1.895098 0.112147 0.022627
1.732577 0.111942 0.023544
1.463149 0.113026 0.023277
1.799942 0.112343 0.021749
1.587372 0.111971 0.023412
1.737735 -0.113591 0.020387
1.328745 -0.113885 0.018532
1.839268 -0.113474 0.021126
1.420955 -0.114244 0.016261
1.543367 -0.114274 0.016071
1.491598 -0.114115 0.017079
1.635022 0.113576 0.020478
1.794123 0.114056 0.017450
1.843507 0.114114 0.017082
1.503295 0.112738 0.019384
1.806005 0.112544 0.020603
1.306799 -0.113032 0.017522
1.356094 -0.112739 0.019374
1.381458 -0.112830 0.018803
1.769963 -0.113436 0.014972
1.781411 -0.112896 0.018382
1.678005 -0.112866 0.018571
1.635982 0.114324 0.015754
1.538976 0.113465 0.014793
1.462591 0.112979 0.017861
1.744752 0.114541 0.014329
1.903728 0.114718 0.012464
1.765977 0.114677 0.012888
1.560397 -0.114806 0.011529
1.300597 -0.114834 0.011237
1.473661 -0.114588 0.013835
1.774435 -0.115108 0.008335
1.758952 -0.115024 0.009224
1.530504 -0.115012 0.009350
1.864546 0.114151 0.007834
1.722976 0.113983 0.009618
1.451287 -0.113870 0.010810
1.540436 -0.113674 0.012882
1.773303 -0.113587 0.013802
1.702091 -0.113944 0.010023
1.873186 -0.113926 0.010213
1.731102 -0.114167 0.007667
1.416363 0.115209 0.007266
1.762038 0.114166 0.007682
1.434404 0.113855 0.010973
1.520733 -0.115282 0.004988
1.250751 -0.115358 0.002563
1.241084 -0.115388 0.001605
1.475489 -0.115429 0.000312
1.343639 -0.115398 0.001296
1.670609 -0.115334 0.003323
1.890099 0.115303 0.004311
1.830488 0.115243 0.006229
1.579075 0.115288 0.004795
1.293641 -0.114383 0.001746
1.388168 -0.114351 0.002772
1.765020 -0.114377 0.001943
1.493802 -0.114422 0.000507
1.730577 -0.114376 0.001997
1.734503 0.114225 0.006774
1.813691 0.114367 0.002274
1.808484 0.114378 0.001921
1.661984 0.115433 0.000184
1.741309 0.114414 0.000791
1.504571 0.114421 0.000543
1.649767 0.115427 -0.000347
1.759611 0.115289 -0.004761
1.821233 0.115250 -0.005996
1.577827 0.114318 -0.003824
1.728882 0.114407 -0.001001
1.410439 -0.114437 -0.000040
1.415974 -0.114338 -0.003186
1.396036 -0.114378 -0.001933
1.595776 -0.114282 -0.004966
1.902280 -0.114381 -0.001814
1.791689 -0.114387 -0.001642
1.780069 -0.115436 -0.000088
1.412946 -0.115372 -0.002126
1.203446 -0.115433 -0.000169
1.746190 -0.115239 -0.006333
1.803302 -0.115213 -0.007179
1.770086 -0.115364 -0.002372
1.655543 0.114220 -0.006961
1.617865 0.115245 -0.006157
1.720699 0.115238 -0.006381
1.674805 0.114138 -0.007973
1.721266 0.113760 -0.011973
1.727718 0.114060 -0.008799
1.339532 -0.113803 -0.011521
1.221914 -0.113636 -0.013285
1.498992 -0.113968 -0.009777
1.582530 -0.113545 -0.014245
1.606399 -0.113816 -0.011383
1.438358 0.115099 -0.008431
1.894944 0.115200 -0.007359
1.683877 0.115044 -0.009012
1.487610 -0.114937 -0.010145
1.382910 -0.114810 -0.011488
1.725915 -0.115063 -0.008813
1.888032 -0.115129 -0.008111
1.864376 -0.114579 -0.013932
1.846518 -0.114671 -0.012952
1.685041 0.113704 -0.012567
1.595685 0.114557 -0.014165
1.605034 0.114737 -0.012260
1.676302 0.113400 -0.015199
1.810273 0.113441 -0.014943
1.630962 0.112941 -0.018097
1.312461 -0.113063 -0.017328
1.307378 -0.113326 -0.015669
1.363677 -0.113301 -0.015824
1.823842 -0.112485 -0.020975
1.897305 -0.112601 -0.020249
1.426796 0.114346 -0.015615
1.725759 0.113777 -0.019212
1.885290 0.113803 -0.019044
1.406310 -0.114167 -0.016749
1.288689 -0.114440 -0.015025
1.404038 -0.113816 -0.018966
1.785831 -0.113648 -0.020025
1.787783 -0.113569 -0.020521
1.643710 -0.113962 -0.018041
1.402066 0.112859 -0.018620
1.472796 0.113933 -0.018228
1.613596 0.113732 -0.019492
1.530522 0.112327 -0.021819
1.865995 0.111434 -0.025817
1.614849 0.112076 -0.022944
1.201839 -0.111136 -0.027148
1.288642 -0.111522 -0.025423
1.234215 -0.111743 -0.024432
1.473461 -0.111215 -0.026795
1.879758 -0.111471 -0.025651
1.523020 0.113376 -0.021709
1.642997 0.112501 -0.025623
1.841939 0.112023 -0.027764
1.223180 -0.112831 -0.024150
1.635787 -0.113173 -0.022619
1.619524 -0.113038 -0.023222
1.643632 -0.112353 -0.026288
1.851511 -0.112072 -0.027542
1.759514 -0.111972 -0.027990
1.641260 0.111270 -0.026550
1.502197 0.111934 -0.028160
1.641022 0.112222 -0.026873
1.735550 -0.110676 -0.029033
1.229984 -0.110055 -0.031172
1.473092 -0.110476 -0.029723
1.644120 -0.108999 -0.034806
1.847262 -0.109430 -0.033323
1.843221 -0.110210 -0.030639
1.892798 0.109293 -0.033795
1.860119 0.109247 -0.033954
1.320753 -0.111743 -0.028945
1.210931 -0.110089 -0.034637
1.489187 -0.110743 -0.032387
1.712529 -0.110553 -0.033042
1.543970 -0.110415 -0.033516
1.638536 -0.110726 -0.032446
1.438563 0.111565 -0.029558
1.590534 0.110839 -0.032057
1.894394 0.111232 -0.030704
1.445286 0.110022 -0.031286
1.542352 0.109986 -0.034994
1.392393 0.110544 -0.033070
1.903750 0.108526 -0.037444
1.729733 0.107473 -0.039152
1.442828 0.108042 -0.037571
1.801007 -0.108548 -0.036167
1.506795 -0.108440 -0.036467
1.556320 -0.108460 -0.036411
1.458711 -0.107217 -0.039863
1.797771 -0.107456 -0.039201
1.464619 0.109741 -0.035805
1.665483 0.108964 -0.037961
1.654911 0.108440 -0.039417
1.208440 -0.109126 -0.037511
1.775372 -0.109548 -0.036341
1.491699 -0.109179 -0.037365
1.646609 -0.107771 -0.041276
1.856051 -0.108132 -0.040273
1.751772 -0.108490 -0.039278
1.563411 0.107444 -0.039233
1.785657 0.107513 -0.041992
1.772202 0.107381 -0.042360
1.621245 0.106002 -0.043053
1.836797 0.103976 -0.047733
1.769586 0.104664 -0.046145
1.625044 -0.105374 -0.044504
1.429341 -0.105020 -0.045322
1.771006 -0.105860 -0.043381
1.391143 -0.103646 -0.048497
1.365283 -0.103707 -0.048357
1.468703 0.106803 -0.043718
1.757818 0.106033 -0.045497
1.889937 0.107195 -0.042811
1.643117 -0.106402 -0.044645
1.541002 -0.106568 -0.044260
1.452452 -0.106799 -0.043726
1.325859 -0.104622 -0.048759
1.667130 -0.104569 -0.048881
1.534501 -0.105816 -0.045999
1.702849 0.103877 -0.047963
1.497755 0.105605 -0.046487
1.496461 0.105406 -0.046945
1.455454 0.102814 -0.050164
1.853585 0.103355 -0.049102
1.471211 0.102463 -0.050853
1.730264 -0.103032 -0.049736
1.292536 -0.102960 -0.049878
1.860910 -0.102771 -0.050249
1.478084 -0.101191 -0.053349
1.435246 -0.100834 -0.054050
1.480938 0.104071 -0.049899
1.890847 0.102772 -0.052448
1.830664 0.101550 -0.054847
1.441585 -0.103927 -0.050181
1.271031 -0.104320 -0.049410
1.307806 -0.101785 -0.054385
1.650410 -0.102362 -0.053252
1.758040 -0.103742 -0.050545
1.460067 -0.101265 -0.055406
1.690848 0.100760 -0.054195
1.504352 0.102127 -0.053715
1.572026 0.101225 -0.055485
1.826197 -0.100023 -0.055571
1.733185 -0.099428 -0.056576
1.257798 -0.098037 -0.058929
1.878029 -0.098822 -0.057602
1.647062 -0.096911 -0.060833
1.869187 -0.099013 -0.057279
1.645875 0.098881 -0.057501
1.876661 0.099451 -0.056538
1.411150 -0.099912 -0.057723
1.318866 -0.100388 -0.056917
1.400871 -0.099813 -0.057889
1.797201 -0.099770 -0.057962
1.884877 -0.098414 -0.060255
1.591787 -0.098373 -0.060324
1.815465 0.101054 -0.055792
1.432218 0.100089 -0.057424
1.460244 0.100160 -0.057303
1.514676 0.097238 -0.060280
1.430854 0.099143 -0.059022
1.392931 0.099689 -0.058099
1.417792 -0.094634 -0.064247
1.464676 -0.094236 -0.064832
1.684055 -0.095728 -0.062638
1.651644 -0.093056 -0.066569
1.859789 -0.092897 -0.066803
1.656430 -0.093747 -0.065552
1.763566 0.093618 -0.065742
1.682053 0.093918 -0.065300
1.465496 -0.095549 -0.064678
1.284000 -0.094354 -0.066437
1.375891 -0.096461 -0.063337
1.504621 -0.094973 -0.065527
1.817311 -0.094156 -0.066729
1.436476 -0.094718 -0.065902
1.635579 0.096462 -0.063336
1.585301 0.095622 -0.064571
1.833916 0.096495 -0.063287
1.388336 0.092869 -0.066844
1.432719 0.093669 -0.067445
1.448800 0.095589 -0.064620
1.494903 0.091319 -0.068894
1.492219 0.091184 -0.069068
1.900841 0.090370 -0.070118
1.239467 -0.088973 -0.071918
1.303382 -0.091022 -0.069277
1.755450 -0.089510 -0.071227
1.554119 -0.088412 -0.072642
1.532497 -0.089862 -0.070772
1.802237 0.093260 -0.068022
1.499717 0.091667 -0.070076
1.607946 0.092050 -0.069583
1.579137 -0.092321 -0.069233
1.584224 -0.091477 -0.070322
1.689420 -0.093183 -0.068122
1.653878 -0.089728 -0.072576
1.444082 -0.090287 -0.071856
1.756088 -0.091349 -0.070486
1.552886 0.088586 -0.072418
1.391015 0.089908 -0.072344
1.391807 0.089294 -0.073135
1.740317 0.086124 -0.075274
1.891231 0.086848 -0.074452
1.818430 0.085749 -0.075699
1.408400 -0.086144 -0.075251
1.502904 -0.087325 -0.073911
1.839581 -0.086129 -0.075268
1.891475 -0.084112 -0.077556
1.534477 -0.085358 -0.076143
1.423262 0.088406 -0.074197
1.748469 0.088447 -0.074150
1.873882 0.087423 -0.075311
1.382220 -0.085506 -0.077486
1.545377 -0.086573 -0.076276
1.639928 -0.088725 -0.073835
1.538625 -0.084263 -0.078895
1.269935 -0.084452 -0.078681
1.492905 0.084686 -0.076904
1.574920 0.085015 -0.076532
1.818833 0.084540 -0.078582
1.379728 0.084670 -0.078434
1.585185 0.081479 -0.080282
1.741808 0.079534 -0.082227
1.851129 0.080300 -0.081461
1.423082 -0.082106 -0.079655
1.243467 -0.080593 -0.081167
1.629616 -0.080901 -0.080859
1.409422 -0.078710 -0.083051
1.850000 -0.081282 -0.080478
1.378511 0.083317 -0.079857
1.582308 0.083185 -0.079989
1.856628 0.082984 -0.080189
1.372832 -0.081786 -0.081388
1.487894 -0.083066 -0.080108
1.295840 -0.084101 -0.079073
1.617417 -0.081196 -0.081978
1.681336 -0.081467 -0.081707
1.428529 0.080802 -0.080958
1.386019 0.080554 -0.081206
1.411832 0.081442 -0.081732
1.386967 0.082377 -0.080797
1.717728 0.076191 -0.085315
1.651145 0.077153 -0.084467
1.889402 0.074604 -0.086714
1.433809 -0.075779 -0.085678
1.368384 -0.075714 -0.085736
1.884609 -0.074452 -0.086848
1.621112 -0.074631 -0.086690
1.746220 -0.073652 -0.087554
1.599807 0.078599 -0.084525
1.795492 0.074558 -0.088087
1.696141 0.075761 -0.087027
1.324345 -0.075575 -0.087190
1.335275 -0.075419 -0.087328
1.397575 -0.078308 -0.084782
1.660424 -0.074165 -0.088434
1.778483 -0.074067 -0.088520
1.579968 0.074878 -0.086473
1.847639 0.073166 -0.087982
1.394688 0.077045 -0.085894
1.427152 0.075281 -0.087450
1.636722 -0.070845 -0.089806
1.239515 -0.067688 -0.092255
1.864059 -0.068558 -0.091580
1.620612 -0.069820 -0.090601
1.668543 -0.069521 -0.090833
1.486808 0.072087 -0.088842
1.571959 0.071535 -0.089271
1.533975 0.070304 -0.090226
1.422875 -0.073385 -0.089100
1.558462 -0.072974 -0.089419
1.252980 -0.070021 -0.091710
1.842933 -0.068612 -0.092803
1.851156 -0.068710 -0.092727
1.500642 0.073300 -0.089166
1.745889 0.069816 -0.091869
1.852706 0.073208 -0.089238
1.741436 0.068039 -0.091982
1.378904 0.071806 -0.090325
1.502028 0.070271 -0.091516
1.470552 0.067936 -0.092062
1.645254 0.064858 -0.094219
1.699555 0.064566 -0.094417
1.522447 0.064795 -0.094261
1.453918 -0.065349 -0.093885
1.634475 -0.065522 -0.093767
1.809675 -0.063483 -0.095153
1.574021 -0.063648 -0.095041
1.863110 -0.065424 -0.093834
1.338715 -0.066409 -0.094373
1.324397 -0.063317 -0.096475
1.544941 -0.065203 -0.095192
1.739352 -0.065222 -0.095179
1.454033 -0.062561 -0.096988
1.586314 0.067124 -0.093887
1.826793 0.063284 -0.096497
1.794111 0.067503 -0.093629
1.540286 0.061423 -0.096553
1.373961 0.063904 -0.094867
1.432341 0.063819 -0.096133
1.669987 0.063823 -0.096130
1.862575 0.057464 -0.098903
1.847188 0.061044 -0.096786
1.902885 0.057595 -0.098826
1.350934 -0.057890 -0.098652
1.315408 -0.058552 -0.098260
1.900977 -0.055196 -0.100244
1.463893 -0.056793 -0.099300
1.750779 -0.056500 -0.099474
1.648373 0.061485 -0.097687
1.826785 0.059923 -0.098610
1.474829 0.059493 -0.098864
1.444532 -0.058891 -0.099221
1.315884 -0.060925 -0.098018
1.282536 -0.060628 -0.098193
1.502778 -0.055917 -0.100980
1.770230 -0.056730 -0.100499
1.477554 0.058024 -0.098572
1.588704 0.056308 -0.100748
1.622153 0.055763 -0.101070
1.630904 0.055549 -0.100036
1.740067 0.053170 -0.101282
1.521369 0.054116 -0.100800
1.623737 0.053838 -0.100942
1.441077 -0.052943 -0.101398
1.573226 -0.054085 -0.100816
1.740441 -0.049175 -0.103318
1.814191 -0.049746 -0.103027
1.484230 -0.049582 -0.103111
1.815200 0.049422 -0.103192
1.606717 0.055253 -0.101343
1.808494 0.051158 -0.103429
1.855828 0.051938 -0.103032
1.277366 -0.053210 -0.102384
1.443781 -0.054121 -0.101919
1.760567 -0.054795 -0.101576
1.684029 -0.052649 -0.102670
1.829038 -0.051986 -0.103007
1.361687 0.053166 -0.102406
1.356654 0.051969 -0.103016
1.557950 0.048257 -0.103750
1.690505 0.044257 -0.105481
1.437859 0.046585 -0.104473
1.382486 -0.048419 -0.103680
1.358651 -0.044888 -0.105208
1.516471 -0.043846 -0.105658
1.683550 -0.046513 -0.104504
1.839693 -0.047617 -0.104027
1.516170 0.050205 -0.103915
1.427929 -0.049200 -0.104427
1.708674 0.044426 -0.106496
1.514098 0.046329 -0.105673
1.318651 -0.047786 -0.105043
1.293403 -0.044107 -0.106634
1.478386 -0.048840 -0.104586
1.714460 -0.043835 -0.106752
1.622100 -0.043974 -0.106692
1.510461 0.044335 -0.105447
1.617339 0.044830 -0.106322
1.598248 0.043653 -0.105742
1.367589 0.043170 -0.105951
1.279100 -0.040371 -0.107034
1.281722 -0.037509 -0.108065
1.860791 -0.041574 -0.106601
1.437526 -0.036198 -0.108537
1.676441 -0.036776 -0.108329
1.511165 0.040250 -0.107078
1.496739 0.040772 -0.106890
1.777132 0.038532 -0.107697
1.541282 0.037606 -0.108030
1.726146 -0.041924 -0.107538
1.794423 -0.041733 -0.107606
1.806356 -0.036156 -0.109614
1.860272 -0.040791 -0.107946
1.466549 -0.038256 -0.108858
1.503205 0.040573 -0.108024
1.694629 0.039756 -0.108318
1.870596 0.037361 -0.109180
1.474234 0.038622 -0.108726
1.613087 0.037323 -0.109194
1.401361 -0.035704 -0.108715
1.606589 -0.034571 -0.109068
1.563281 -0.032227 -0.109749
1.603967 0.034769 -0.109010
1.776919 0.034940 -0.108960
1.656235 0.034680 -0.109036
1.740682 -0.033181 -0.109471
1.549422 -0.031696 -0.109903
1.566120 0.030948 -0.110120
1.382663 0.033218 -0.109461
1.666503 -0.034099 -0.110246
1.472597 -0.035092 -0.109957
1.777571 -0.030068 -0.111417
1.661042 -0.030701 -0.111233
1.765290 -0.029639 -0.111541
1.760023 0.032476 -0.110717
1.856454 0.033889 -0.110306
1.743080 0.033784 -0.110337
1.421881 0.032092 -0.110829
1.703701 0.029838 -0.111484
1.496490 -0.028498 -0.110832
1.812100 0.024779 -0.111666
1.581556 0.026369 -0.111310
1.856070 0.023018 -0.112059
1.778190 -0.027902 -0.110968
1.667390 -0.026295 -0.111327
1.763661 -0.024493 -0.111730
1.893575 -0.025111 -0.111591
1.605077 0.023953 -0.111850
1.394048 0.024881 -0.111643
1.785744 0.028641 -0.111827
1.651024 0.025720 -0.112480
1.489746 0.026684 -0.112264
1.670047 -0.028287 -0.111906
1.430541 -0.026857 -0.112226
1.839033 -0.026137 -0.112386
1.602137 -0.023753 -0.112919
1.610399 -0.024812 -0.112683
1.830505 0.021974 -0.113317
1.454292 0.024823 -0.112680
1.345646 -0.021703 -0.112353
1.388108 -0.020197 -0.112609
1.678896 -0.019646 -0.112696
1.817965 -0.019804 -0.112671
1.394622 -0.015446 -0.113361
1.512666 -0.015012 -0.113430
1.615347 0.017709 -0.113003
1.596402 0.019263 -0.112757
1.396960 0.016122 -0.113254
1.448953 0.015915 -0.113287
1.284332 -0.022333 -0.113237
1.329350 -0.020645 -0.113550
1.629733 -0.020360 -0.113595
1.818288 -0.017656 -0.114023
1.804042 -0.019904 -0.113667
1.537342 0.021528 -0.113410
1.749705 0.019428 -0.113743
1.412868 0.019993 -0.113653
1.393642 -0.014772 -0.113468
1.743020 -0.013434 -0.113622
1.345538 -0.013216 -0.113643
1.721839 -0.010624 -0.113887
1.796279 -0.007799 -0.114155
1.548833 0.013969 -0.113571
1.840165 0.008603 -0.114079
1.410220 0.012351 -0.113724
1.588246 0.017150 -0.114103
1.860588 0.014589 -0.114509
1.347933 0.012426 -0.113717
1.453320 0.009498 -0.113994
1.622237 -0.007573 -0.114176
1.420450 -0.002676 -0.114354
1.358970 -0.004633 -0.114293
1.711602 0.005905 -0.114253
1.571888 0.003854 -0.114317
1.862053 0.006860 -0.114223
1.817724 -0.006191 -0.114244
1.741546 -0.004115 -0.114309
1.819975 0.000098 -0.114435
1.323290 0.004972 -0.114282
1.297442 -0.015017 -0.114441
1.613356 0.011124 -0.114844
1.547538 0.013442 -0.114625
1.851268 0.011626 -0.114797
1.427317 -0.013257 -0.114643
1.505144 -0.011144 -0.114842
1.649065 -0.010086 -0.114942
1.658888 -0.007759 -0.115162
1.782255 -0.009505 -0.114997
1.710457 0.008894 -0.115055
1.561267 0.009513 -0.114997
1.632581 -0.005358 -0.115270
1.740864 -0.007134 -0.115214
1.558687 -0.001684 -0.115385
1.702702 -0.001934 -0.115378
1.646657 -0.003897 -0.115316
1.598136 0.003484 -0.115329
1.719909 0.004461 -0.115298
1.472402 0.005675 -0.115260
1.564876 0.001694 -0.115385
1.505082 0.003935 -0.115315
