-0.096490 1.567099 -0.000489
-0.096470 1.794763 -0.001130
-0.096394 1.946615 -0.003561
-0.096429 1.540777 0.002423
-0.096491 1.574848 0.000473
-0.096316 1.823126 0.006043
-0.096335 1.878623 0.005411
-0.096398 1.611223 0.003409
-0.096336 1.305127 -0.005378
-0.096446 1.410056 -0.001904
-0.096222 1.436304 -0.007043
-0.096266 1.346585 -0.006574
-0.096304 1.417742 -0.006175
-0.095965 1.607126 -0.009766
-0.095795 1.359074 -0.011567
-0.096088 1.638701 0.008463
-0.096126 1.293592 0.008060
-0.096062 1.631909 0.008738
-0.096031 1.754005 0.009061
-0.095828 1.713788 0.011213
-0.095395 1.533521 0.014304
-0.095698 1.572445 0.012391
-0.095276 1.363365 0.015056
-0.095073 1.880213 0.016338
-0.094983 1.919958 0.016904
-0.095221 1.749895 -0.015398
-0.095296 1.661829 -0.014928
-0.095616 1.547724 -0.012909
-0.095028 1.510531 -0.016620
-0.095222 1.468653 -0.015398
-0.095485 1.683408 -0.000663
-0.095392 1.883888 -0.003626
-0.095463 1.778998 -0.001353
-0.095504 1.796526 0.000061
-0.095412 1.380593 0.002971
-0.095388 1.683333 -0.003737
-0.095345 1.456460 -0.005094
-0.095387 1.613484 -0.003759
-0.095364 1.952619 0.004502
-0.095382 1.537323 0.003920
-0.095172 1.655086 -0.007531
-0.095064 1.609038 -0.008670
-0.095079 1.748361 -0.008512
-0.095095 1.523153 0.008348
-0.095243 1.342501 0.006779
-0.094814 1.868794 -0.011313
-0.094918 1.603849 -0.010222
-0.094822 1.492038 -0.011236
-0.095057 1.793525 0.008746
-0.095246 1.919194 0.006748
-0.094422 1.797195 -0.019756
-0.093831 1.953071 -0.022401
-0.094497 1.440976 -0.019420
-0.094357 1.375625 -0.020046
-0.093835 1.631557 -0.022383
-0.093507 1.288595 0.023852
-0.094355 1.327389 0.020057
-0.093670 1.303381 0.023123
-0.094312 1.817949 0.020251
-0.094318 1.770535 0.020222
-0.094696 1.290844 0.012326
-0.094621 1.752519 0.012798
-0.094550 1.359878 0.013248
-0.093918 1.942524 0.017238
-0.094241 1.650644 0.015198
-0.094123 1.953418 -0.015943
-0.094090 1.768417 -0.016152
-0.094060 1.946939 -0.016341
-0.094089 1.330988 -0.016156
-0.093897 1.666285 -0.017368
-0.093346 1.934185 -0.019987
-0.093741 1.533315 -0.018222
-0.093131 1.958166 -0.020953
-0.093425 1.466762 -0.019634
-0.092962 1.725972 -0.021706
-0.093376 1.619617 0.019857
-0.093783 1.590261 0.018033
-0.093782 1.937616 0.018038
-0.093212 1.685542 0.020590
-0.092634 1.826502 0.023173
-0.092731 1.364163 0.026556
-0.093370 1.819031 0.024355
-0.092859 1.710040 0.026116
-0.091989 1.778653 0.029111
-0.092683 1.861118 0.026720
-0.093459 1.326533 -0.024051
-0.093360 1.546349 -0.024391
-0.093367 1.763702 -0.024368
-0.092791 1.529534 -0.026350
-0.092965 1.345923 -0.025750
-0.092067 1.733311 0.025258
-0.091971 1.714001 0.025589
-0.091411 1.428149 0.027516
-0.091112 1.680596 0.028547
-0.091147 1.532101 0.028424
-0.092416 1.757215 -0.024058
-0.091389 1.793711 -0.027592
-0.092046 1.710515 -0.025331
-0.091952 1.334222 -0.025653
-0.091445 1.496406 -0.027399
-0.090573 1.317892 0.033180
-0.091658 1.803836 0.030167
-0.091099 1.717020 0.031719
-0.090742 1.906143 0.032711
-0.090510 1.957846 0.033356
-0.090990 1.848170 -0.032021
-0.090862 1.852061 -0.032377
-0.091332 1.851163 -0.031074
-0.091664 1.294283 -0.030151
-0.091245 1.297356 -0.031314
-0.090655 1.706695 -0.030003
-0.090560 1.779601 -0.030265
-0.090590 1.657809 -0.030183
-0.089325 1.473021 -0.033697
-0.089258 1.588693 -0.033882
-0.089977 1.556793 0.031886
-0.090681 1.853069 0.029929
-0.090141 1.463899 0.031431
-0.089227 1.841665 0.033968
-0.090148 1.832253 0.031410
-0.089540 1.657444 -0.035962
-0.088118 1.850234 -0.039247
-0.088379 1.826076 -0.038645
-0.087471 1.373791 -0.040743
-0.087955 1.341273 -0.039624
-0.089660 1.580213 0.035686
-0.088980 1.285610 0.037255
-0.088657 1.616285 0.038002
-0.088929 1.814677 0.037373
-0.087798 1.834797 0.039987
-0.087615 1.607899 0.037894
-0.088489 1.853536 0.035874
-0.088129 1.612473 0.036707
-0.087497 1.854210 0.038167
-0.088108 1.837911 0.036755
-0.087772 1.634670 -0.037530
-0.088623 1.957767 -0.035564
-0.087041 1.862307 -0.039220
-0.087114 1.472909 -0.039051
-0.086754 1.623180 -0.039883
-0.086348 1.552440 0.042999
-0.085925 1.330883 0.043830
-0.086941 1.671519 0.041835
-0.086013 1.792836 0.043656
-0.085508 1.956815 0.044647
-0.086065 1.657635 -0.043555
-0.085583 1.760102 -0.044501
-0.085836 1.940997 -0.044005
-0.085690 1.333175 -0.044290
-0.084654 1.422299 -0.046324
-0.086276 1.864828 0.040939
-0.085231 1.545140 0.042990
-0.084908 1.347563 0.043623
-0.084319 1.952170 0.044779
-0.085882 1.841223 0.041712
-0.085901 1.817273 -0.041675
-0.086082 1.566977 -0.041321
-0.084971 1.965495 -0.043501
-0.084187 1.635611 -0.045040
-0.084750 1.306668 -0.043934
-0.082261 1.960024 -0.050394
-0.083527 1.655082 -0.048252
-0.084465 1.622639 -0.046666
-0.081505 1.464908 -0.051671
-0.082402 1.403896 -0.050155
-0.083466 1.699452 0.048357
-0.083574 1.574503 0.048174
-0.084182 1.742364 0.047145
-0.083649 1.884219 0.048046
-0.081710 1.526914 0.051325
-0.083400 1.478977 -0.046505
-0.082802 1.954149 -0.047515
-0.083432 1.562929 -0.046451
-0.081405 1.451870 -0.049877
-0.082541 1.313966 -0.047957
-0.083101 1.507807 0.047009
-0.082941 1.536998 0.047280
-0.082865 1.433484 0.047408
-0.081657 1.774476 0.049452
-0.082292 1.787201 0.048378
-0.081296 1.767970 0.051984
-0.081142 1.576728 0.052211
-0.080992 1.851705 0.052432
-0.078910 1.768386 0.055495
-0.078506 1.566804 0.056089
-0.079451 1.767941 -0.054699
-0.078261 1.943460 -0.056451
-0.078132 1.968037 -0.056640
-0.078695 1.666039 -0.055812
-0.078365 1.374351 -0.056297
-0.080309 1.426879 0.051659
-0.080511 1.741873 0.051361
-0.079632 1.733805 0.052655
-0.079393 1.783978 0.053006
-0.080519 1.947129 0.051349
-0.079659 1.520470 -0.052615
-0.079132 1.907118 -0.053390
-0.080373 1.555316 -0.051564
-0.077994 1.536833 -0.055065
-0.077768 1.670249 -0.055397
-0.077676 1.743577 0.057239
-0.077977 1.492060 0.056850
-0.076462 1.359768 0.058804
-0.075708 1.547398 0.059776
-0.074581 1.874243 0.061229
-0.077987 1.345993 -0.056838
-0.077309 1.864848 -0.057712
-0.077843 1.564368 -0.057023
-0.074675 1.444429 -0.061107
-0.075514 1.732950 -0.060025
-0.076989 1.316146 0.056494
-0.076580 1.800747 0.057020
-0.076192 1.368495 0.057521
-0.074351 1.709316 0.059895
-0.076558 1.903411 0.057050
-0.076166 1.599948 -0.057554
-0.076201 1.575858 -0.057509
-0.076936 1.448301 -0.056561
-0.074115 1.387241 -0.060198
-0.074661 1.740142 -0.059494
-0.073906 1.742054 0.062028
-0.073685 1.365065 0.062279
-0.073105 1.573395 0.062937
-0.072755 1.700711 0.063334
-0.072464 1.873862 0.063664
-0.073510 1.679590 -0.062477
-0.073213 1.501148 -0.062814
-0.073802 1.841853 -0.062147
-0.072307 1.537296 -0.063842
-0.072261 1.428527 -0.063894
-0.071482 1.306912 0.063267
-0.072941 1.421406 0.061612
-0.072600 1.454137 0.061999
-0.070912 1.946380 0.063913
-0.071388 1.688755 0.063373
-0.073063 1.508526 -0.061473
-0.073425 1.921958 -0.061063
-0.072018 1.623586 -0.062658
-0.071000 1.534158 -0.063813
-0.071115 1.668373 -0.063682
-0.069180 1.449812 0.067232
-0.068405 1.440179 0.068007
-0.067884 1.535212 0.068528
-0.067651 1.738460 0.068761
-0.068659 1.762617 0.067753
-0.068114 1.882552 -0.068298
-0.068089 1.672736 -0.068323
-0.068687 1.712345 -0.067725
-0.067018 1.353566 -0.069394
-0.067232 1.314341 -0.069180
-0.067362 1.329085 0.067637
-0.069462 1.440587 0.065536
-0.069562 1.640947 0.065437
-0.066220 1.834985 0.068778
-0.065983 1.470918 0.069015
-0.068450 1.627318 -0.066549
-0.068455 1.784385 -0.066544
-0.067238 1.733994 -0.067760
-0.066824 1.399843 -0.068174
-0.067147 1.585236 -0.067852
-0.064594 1.952724 -0.071644
-0.065076 1.815544 -0.071219
-0.063395 1.870318 -0.072701
-0.064113 1.373418 -0.072068
-0.064379 1.331770 -0.071833
-0.063490 1.384805 0.072618
-0.065960 1.907470 0.070440
-0.064576 1.653898 0.071660
-0.061636 1.438397 0.074252
-0.064850 1.868534 0.071418
-0.062247 1.818071 -0.072381
-0.064002 1.687426 -0.070834
-0.063557 1.685788 -0.071226
-0.063940 1.297237 -0.070888
-0.061185 1.328729 -0.073317
-0.065196 1.502969 0.069781
-0.064474 1.559473 0.070418
-0.064997 1.805772 0.069956
-0.063227 1.866805 0.071517
-0.061331 1.580708 0.073189
-0.061509 1.372474 -0.074363
-0.058829 1.724850 -0.076443
-0.058082 1.880248 -0.077022
-0.059539 1.345343 -0.075892
-0.057102 1.389902 -0.077782
-0.060750 1.534771 0.074952
-0.059627 1.566368 0.075824
-0.061014 1.437050 0.074747
-0.059729 1.913739 0.075744
-0.056876 1.581110 0.077957
-0.059797 1.597758 -0.074426
-0.060430 1.549314 -0.073935
-0.059462 1.701643 -0.074686
-0.057471 1.579939 -0.076231
-0.058558 1.307278 -0.075387
-0.060604 1.619087 0.073801
-0.058591 1.561828 0.075362
-0.060599 1.629246 0.073804
-0.058576 1.955186 0.075373
-0.056378 1.447246 0.077079
-0.056117 1.597725 0.078488
-0.054088 1.416965 0.079866
-0.054647 1.579832 0.079486
-0.053088 1.923030 0.080546
-0.053940 1.661034 0.079967
-0.054393 1.842653 -0.079659
-0.054860 1.790331 -0.079341
-0.056496 1.818642 -0.078230
-0.054206 1.566827 -0.079786
-0.052473 1.580162 -0.080964
-0.053502 1.383827 0.079056
-0.053412 1.304552 0.079117
-0.054814 1.771189 0.078164
-0.052711 1.762413 0.079593
-0.051706 1.676135 0.080277
-0.053235 1.948257 -0.079238
-0.055853 1.503927 -0.077459
-0.053669 1.643267 -0.078943
-0.055072 1.409435 -0.077989
-0.051701 1.865347 -0.080280
-0.048271 1.788194 -0.083517
-0.051309 1.731192 -0.081719
-0.050310 1.560424 -0.082311
-0.049998 1.292516 -0.082495
-0.048047 1.626831 -0.083648
-0.050500 1.749170 0.082198
-0.051061 1.650342 0.081866
-0.048343 1.445921 0.083474
-0.047265 1.847347 0.084111
-0.048108 1.774984 0.083613
-0.050145 1.672612 -0.081247
-0.049821 1.567526 -0.081438
-0.048831 1.824658 -0.082024
-0.046128 1.612630 -0.083622
-0.046376 1.658390 -0.083476
-0.048475 1.567635 0.082235
-0.051004 1.445143 0.080739
-0.048821 1.432123 0.082030
-0.047304 1.811607 0.082927
-0.046663 1.776436 0.083306
-0.043941 1.719967 -0.085868
-0.043805 1.772479 -0.085938
-0.042842 1.824665 -0.086428
-0.042589 1.405893 -0.086557
-0.044983 1.301197 -0.085337
-0.045851 1.879399 0.084895
-0.045890 1.734403 0.084875
-0.043593 1.340380 0.086046
-0.041403 1.853251 0.087161
-0.042581 1.503534 0.086561
-0.042369 1.804705 -0.085548
-0.043772 1.647381 -0.084833
-0.045136 1.531666 -0.084138
-0.044921 1.371394 -0.084247
-0.042099 1.530222 -0.085685
-0.045230 1.662656 0.084090
-0.043020 1.351130 0.085216
-0.045081 1.447412 0.084166
-0.043154 1.604095 0.085147
-0.044187 1.869344 0.084621
-0.040377 1.843069 -0.087629
-0.039953 1.451357 -0.087813
-0.039227 1.961263 -0.088127
-0.037698 1.287962 -0.088789
-0.039261 1.503366 -0.088112
-0.037133 1.333209 0.089033
-0.040925 1.929997 0.087392
-0.040902 1.876924 0.087402
-0.036406 1.549179 0.089348
-0.038958 1.918014 0.088243
-0.035779 1.923180 -0.088530
-0.038379 1.732463 -0.087405
-0.038204 1.690823 -0.087481
-0.035317 1.866311 -0.088730
-0.037453 1.577624 -0.087806
-0.036621 1.428706 0.088166
-0.037848 1.518446 0.087635
-0.040532 1.445378 0.086473
-0.037801 1.870309 0.087655
-0.035642 1.377703 0.088589
-0.030299 1.339008 0.091610
-0.033756 1.455363 0.090366
-0.030322 1.288798 0.091602
-0.032537 1.923867 0.090805
-0.031984 1.846142 0.091004
-0.035177 1.483012 -0.089854
-0.030888 1.951211 -0.091398
-0.035099 1.787199 -0.089882
-0.030539 1.828182 -0.091524
-0.032194 1.331353 -0.090928
-0.031456 1.862462 -0.090132
-0.033154 1.720453 -0.089520
-0.033727 1.635484 -0.089314
-0.030122 1.376128 -0.090612
-0.033848 1.290954 -0.089271
-0.032501 1.613214 0.089755
-0.034029 1.438996 0.089205
-0.034652 1.324751 0.088981
-0.033563 1.865219 0.089373
-0.031106 1.731314 0.090257
-0.028151 1.494911 0.092268
-0.029074 1.376959 0.092000
-0.029515 1.310351 0.091871
-0.025206 1.888008 0.093123
-0.026690 1.964495 0.092692
-0.025853 1.819631 -0.092935
-0.029001 1.776540 -0.092021
-0.029314 1.803177 -0.091930
-0.028147 1.425533 -0.092269
-0.025459 1.646498 -0.093050
-0.025693 1.386750 0.091941
-0.029386 1.316793 0.090868
-0.029272 1.474136 0.090901
-0.025503 1.863195 0.091996
-0.028809 1.928967 0.091036
-0.029174 1.566044 -0.090930
-0.028078 1.944328 -0.091248
-0.026781 1.695410 -0.091625
-0.026171 1.525370 -0.091802
-0.027494 1.483517 -0.091418
-0.023983 1.650309 -0.093477
-0.019462 1.900245 -0.094488
-0.021933 1.643433 -0.093936
-0.023376 1.319397 -0.093613
-0.019703 1.409820 -0.094434
-0.023021 1.448139 0.093693
-0.021786 1.435775 0.093969
-0.022799 1.610309 0.093742
-0.020333 1.551298 0.094293
-0.022694 1.850958 0.093765
-0.019881 1.816139 -0.093370
-0.023304 1.339655 -0.092605
-0.019192 1.934541 -0.093524
-0.019329 1.638010 -0.093493
-0.020132 1.491231 -0.093314
-0.022417 1.295892 0.092803
-0.023345 1.723801 0.092596
-0.022210 1.682255 0.092850
-0.021140 1.752771 0.093089
-0.020527 1.653831 0.093226
-0.014723 1.482917 0.095328
-0.015734 1.322274 0.095168
-0.017785 1.446705 0.094843
-0.013354 1.876459 0.095545
-0.016141 1.824934 0.095104
-0.015677 1.964870 -0.095177
-0.014752 1.755241 -0.095324
-0.014989 1.858000 -0.095286
-0.012148 1.664860 -0.095736
-0.012359 1.366758 -0.095703
-0.016503 1.592870 0.094034
-0.013008 1.313928 0.094588
-0.015437 1.405791 0.094203
-0.017316 1.957381 0.093906
-0.015828 1.824943 0.094141
-0.015166 1.905502 -0.094246
-0.014844 1.917622 -0.094297
-0.017652 1.351803 -0.093852
-0.011973 1.660336 -0.094752
-0.013836 1.577598 -0.094457
-0.010940 1.316707 0.095854
-0.008192 1.303990 0.096113
-0.006607 1.330514 0.096263
-0.007790 1.714780 0.096152
-0.008192 1.941861 0.096114
-0.011314 1.762619 -0.095818
-0.011459 1.920198 -0.095805
-0.008275 1.923133 -0.096106
-0.008048 1.712739 -0.096127
-0.009086 1.503905 -0.096029
-0.007556 1.397464 0.095170
-0.011662 1.302923 0.094782
-0.009089 1.588124 0.095025
-0.006891 1.935456 0.095232
-0.006413 1.729531 0.095278
-0.009404 1.660482 -0.094995
-0.010518 1.688558 -0.094890
-0.010244 1.720320 -0.094916
-0.006498 1.891550 -0.095270
-0.006781 1.782418 -0.095243
-0.001455 1.838662 -0.096460
-0.005278 1.417949 -0.096340
-0.005761 1.750188 -0.096324
-0.001349 1.648791 -0.096463
-0.000244 1.936820 -0.096498
-0.004887 1.477281 0.096352
-0.004165 1.689778 0.096375
-0.004253 1.368628 0.096372
-0.001547 1.965136 0.096457
-0.001993 1.582832 0.096443
-0.001149 1.916449 -0.095469
-0.005000 1.822046 -0.095348
-0.003575 1.791226 -0.095393
-0.001937 1.327687 -0.095445
-0.003006 1.616586 -0.095411
-0.002680 1.549899 0.095421
-0.003154 1.417177 0.095406
-0.001107 1.323328 0.095471
-0.004232 1.967292 0.095373
-0.002255 1.675494 0.095435
0.002017 1.628372 0.096442
0.000746 1.641489 0.096482
0.004410 1.425629 0.096367
0.006001 1.885227 0.096317
0.000454 1.920434 0.096491
0.001650 1.596060 0.095454
0.000530 1.615977 0.095489
0.002129 1.666786 0.095439
0.004097 1.662184 0.095377
0.005137 1.877325 0.095344
0.000671 1.543575 -0.095484
0.002091 1.930880 -0.095440
0.005258 1.539312 -0.095340
0.004686 1.340535 -0.095358
0.004082 1.547584 -0.095377
0.002559 1.614649 -0.096425
0.002697 1.758950 -0.096421
0.003066 1.610239 -0.096409
0.005598 1.551107 -0.096330
0.002589 1.446560 -0.096424
0.010211 1.420592 0.094919
0.010002 1.382076 0.094938
0.011133 1.449808 0.094832
0.009952 1.593405 0.094943
0.011392 1.491631 0.094807
0.008528 1.699102 -0.095078
0.008934 1.956852 -0.095039
0.010380 1.617228 -0.094903
0.010337 1.395588 -0.094907
0.009134 1.507093 -0.095021
0.008782 1.286488 0.096058
0.009493 1.420797 0.095991
0.010905 1.653657 0.095857
0.011816 1.887407 0.095771
0.009815 1.833710 0.095960
0.009859 1.883685 -0.095956
0.009687 1.898938 -0.095972
0.011851 1.717861 -0.095768
0.009288 1.331221 -0.096010
0.007253 1.366665 -0.096202
0.012890 1.707849 0.094607
0.016343 1.445310 0.094060
0.017232 1.639660 0.093919
0.014099 1.848465 0.094415
0.015084 1.911105 0.094259
0.013920 1.792313 -0.094444
0.013142 1.804564 -0.094567
0.012703 1.322173 -0.094636
0.014363 1.376766 -0.094373
0.016121 1.510244 -0.094095
0.014339 1.497978 0.095389
0.015424 1.485113 0.095217
0.014562 1.778261 0.095354
0.015111 1.788478 0.095267
0.014632 1.795540 0.095343
0.013601 1.695923 -0.095506
0.013649 1.967651 -0.095498
0.016556 1.397348 -0.095038
0.013251 1.351653 -0.095562
0.017247 1.422644 -0.094929
0.019544 1.436328 0.093446
0.021067 1.434695 0.093105
0.023296 1.373484 0.092607
0.020203 1.817729 0.093298
0.021697 1.739156 0.092964
0.021314 1.803072 -0.093050
0.020207 1.561052 -0.093297
0.020599 1.294840 -0.093210
0.023689 1.589807 -0.092519
0.022741 1.290743 -0.092731
0.021365 1.381177 0.094063
0.020987 1.615893 0.094147
0.020662 1.812375 0.094220
0.023843 1.567098 0.093509
0.021830 1.891224 0.093959
0.021489 1.929856 -0.094035
0.019780 1.888869 -0.094417
0.021466 1.399657 -0.094040
0.022396 1.393498 -0.093832
0.023563 1.409658 -0.093571
0.025914 1.924154 -0.091877
0.025208 1.691678 -0.092082
0.027234 1.586835 -0.091493
0.029024 1.315507 -0.090973
0.028041 1.297078 -0.091259
0.025420 1.669299 0.092020
0.024544 1.351211 0.092275
0.026525 1.664111 0.091699
0.028742 1.513918 0.091055
0.027163 1.727502 0.091514
0.024949 1.598838 -0.093198
0.024176 1.682715 -0.093423
0.028848 1.406077 -0.092065
0.026748 1.512008 -0.092675
0.026327 1.393179 -0.092798
0.027884 1.295204 0.092345
0.026616 1.626950 0.092714
0.028675 1.887265 0.092115
0.029520 1.493856 0.091870
0.029455 1.826708 0.091889
0.031548 1.363825 0.090098
0.032368 1.578148 0.089803
0.033524 1.606376 0.089387
0.034256 1.420299 0.089124
0.030045 1.945531 0.090640
0.030411 1.896524 -0.090508
0.030166 1.770412 -0.090596
0.034445 1.776257 -0.089055
0.033441 1.341028 -0.089417
0.034750 1.532976 -0.088946
0.032309 1.534002 0.090887
0.030272 1.754146 0.091620
0.034202 1.814759 0.090205
0.033548 1.752940 0.090441
0.035229 1.562181 0.089835
0.034209 1.845381 -0.090203
0.031467 1.810743 -0.091190
0.034880 1.868388 -0.089961
0.031432 1.451842 -0.091202
0.032764 1.588132 -0.090723
0.038286 1.318837 0.087445
0.035674 1.856831 0.088575
0.040065 1.437703 0.086675
0.038998 1.757316 0.087137
0.039534 1.946134 0.086905
0.036068 1.955905 -0.088405
0.036460 1.588726 -0.088235
0.039436 1.328012 -0.086948
0.038534 1.479695 -0.087338
0.038627 1.379554 -0.087298
0.039331 1.338693 0.088082
0.037587 1.514949 0.088837
0.037348 1.763604 0.088940
0.039950 1.850608 0.087814
0.039139 1.884879 0.088165
0.037695 1.863981 -0.088790
0.037537 1.547804 -0.088858
0.039533 1.637282 -0.087995
0.040895 1.595142 -0.087405
0.040837 1.630164 -0.087430
0.044783 1.292808 0.084317
0.043822 1.409023 0.084807
0.045771 1.621040 0.083814
0.045409 1.926346 0.083998
0.044057 1.663249 0.084687
0.041929 1.659003 -0.085771
0.042690 1.699869 -0.085384
0.043216 1.289111 -0.085116
0.045374 1.818472 -0.084016
0.042902 1.371270 -0.085276
0.041917 1.359996 0.086900
0.045173 1.445435 0.085240
0.045646 1.445458 0.084999
0.044016 1.899801 0.085830
0.044147 1.600097 0.085763
0.042242 1.771075 -0.086734
0.044442 1.939999 -0.085613
0.045677 1.294620 -0.084984
0.044449 1.666834 -0.085609
0.042733 1.289952 -0.086483
0.047369 1.775418 -0.082889
0.047046 1.866961 -0.083080
0.049276 1.481896 -0.081760
0.049328 1.404439 -0.081730
0.050964 1.379711 -0.080763
0.047604 1.538019 0.082749
0.047246 1.368191 0.082961
0.050986 1.806687 0.080749
0.050441 1.882939 0.081072
0.049131 1.597707 0.081847
0.047714 1.838322 -0.083846
0.050534 1.903381 -0.082178
0.050301 1.591161 -0.082316
0.051706 1.605483 -0.081485
0.050076 1.733883 -0.082449
0.047253 1.653766 0.084118
0.048092 1.755494 0.083622
0.048066 1.953263 0.083638
0.049166 1.726260 0.082987
0.049235 1.721656 0.082946
0.053853 1.743144 -0.078818
0.054608 1.967826 -0.078304
0.054585 1.370101 -0.078320
0.055828 1.536303 -0.077475
0.054303 1.370698 -0.078512
0.052263 1.374104 0.079898
0.053279 1.285323 0.079208
0.055612 1.811361 0.077622
0.055930 1.416694 0.077406
0.055577 1.792196 0.077646
0.055228 1.775895 -0.079092
0.053914 1.719904 -0.079984
0.054999 1.475589 -0.079248
0.054550 1.326478 -0.079553
0.056134 1.326411 -0.078476
0.054502 1.450878 0.079585
0.054825 1.314261 0.079365
0.054347 1.672464 0.079690
0.055961 1.658693 0.078594
0.053141 1.820967 0.080510
0.057880 1.574758 0.075914
0.058600 1.322461 0.075355
0.060684 1.941514 0.073738
0.056391 1.961111 0.077068
0.058793 1.670261 0.075205
0.057098 1.649552 -0.076520
0.058994 1.720646 -0.075050
0.057748 1.356999 -0.076016
0.058243 1.551204 -0.075632
0.060364 1.609608 -0.073986
0.056838 1.764708 0.077987
0.060177 1.457376 0.075397
0.061483 1.560769 0.074383
0.060215 1.915679 0.075367
0.060499 1.583598 0.075147
0.057419 1.482107 -0.077536
0.058678 1.655937 -0.076559
0.059968 1.432681 -0.075559
0.058998 1.548299 -0.076311
0.061220 1.542512 -0.074587
0.063398 1.325117 0.071366
0.062309 1.734150 0.072326
0.062575 1.856046 0.072092
0.063371 1.873849 0.071390
0.064589 1.556820 0.070317
0.061005 1.392552 -0.073476
0.061785 1.763450 -0.072788
0.063430 1.522937 -0.071338
0.065356 1.309420 -0.069640
0.063899 1.468749 -0.070925
0.062257 1.526917 0.073704
0.063244 1.432619 0.072835
0.063858 1.921534 0.072293
0.063956 1.781578 0.072207
0.064193 1.772400 0.071997
0.061780 1.937401 -0.074125
0.063093 1.705894 -0.072967
0.064196 1.559334 -0.071995
0.064579 1.505763 -0.071657
0.062219 1.329590 -0.073738
0.065388 1.801246 0.069610
0.067116 1.375857 0.067883
0.068202 1.934492 0.066797
0.067827 1.856459 0.067171
0.065537 1.945887 0.069461
0.065901 1.395276 -0.069097
0.065756 1.563225 -0.069243
0.067987 1.481203 -0.067012
0.068972 1.651939 -0.066026
0.066411 1.321306 -0.068587
0.067352 1.507663 0.069060
0.066597 1.625307 0.069815
0.070216 1.411484 0.066196
0.067035 1.921934 0.069377
0.070204 1.550059 0.066208
0.066400 1.490389 -0.070012
0.069489 1.852147 -0.066923
0.068646 1.656201 -0.067766
0.068716 1.384754 -0.067696
0.069716 1.546144 -0.066696
0.069750 1.433351 0.065231
0.069696 1.523774 0.065293
0.070552 1.830150 0.064321
0.070068 1.906792 0.064870
0.070816 1.782645 0.064022
0.071385 1.812151 -0.063377
0.069728 1.368295 -0.065256
0.070341 1.354908 -0.064561
0.072224 1.392909 -0.062425
0.071245 1.304304 -0.063536
0.072437 1.355407 0.063695
0.071227 1.778229 0.065067
0.072085 1.784929 0.064094
0.073704 1.548899 0.062258
0.073901 1.808511 0.062034
0.073395 1.854853 -0.062608
0.071621 1.917608 -0.064620
0.073921 1.753808 -0.062012
0.071335 1.377609 -0.064944
0.072031 1.373360 -0.064156
0.074121 1.579541 -0.060191
0.074987 1.713985 -0.059074
0.076623 1.347633 -0.056965
0.077100 1.636759 -0.056351
0.075148 1.381488 -0.058866
0.076763 1.348946 0.056785
0.074925 1.697728 0.059154
0.076389 1.748236 0.057267
0.076271 1.883239 0.057419
0.076960 1.396878 0.056530
0.074407 1.768493 -0.061452
0.075836 1.912878 -0.059610
0.076631 1.358023 -0.058586
0.077218 1.764189 -0.057828
0.077329 1.324510 -0.057686
0.074751 1.739440 0.061010
0.076305 1.484899 0.059005
0.075935 1.737828 0.059482
0.077675 1.897227 0.057240
0.076312 1.822783 0.058997
0.077512 1.745503 -0.055774
0.078436 1.525436 -0.054414
0.077378 1.348951 0.055972
0.077452 1.556908 0.055863
0.078184 1.338690 0.054785
0.080357 1.640099 0.051589
0.079332 1.764766 0.053096
0.078515 1.289357 -0.054298
0.080421 1.623247 -0.051494
0.080150 1.308919 -0.051893
0.080400 1.450159 0.053302
0.078614 1.401065 0.055931
0.081470 1.626905 0.051729
0.080591 1.967711 0.053021
0.080939 1.922890 0.052510
0.079477 1.715343 -0.054661
0.081050 1.951021 -0.052347
0.080416 1.667062 -0.053279
0.081183 1.480534 -0.052150
0.081352 1.534195 -0.051902
0.081835 1.669820 0.049151
0.082072 1.502523 0.048750
0.082549 1.661837 0.047943
0.081157 1.906543 0.050296
0.082978 1.801940 0.047218
0.081788 1.929629 -0.049230
0.081932 1.721057 -0.048986
0.082546 1.330087 -0.047948
0.082615 1.684581 -0.047832
0.081720 1.403188 -0.049345
0.082414 1.403003 0.050134
0.081670 1.481438 0.051393
0.082598 1.806060 0.049824
0.082248 1.914014 0.050415
0.084361 1.493270 0.046843
0.083336 1.901136 -0.048575
0.081873 1.379720 -0.051050
0.084139 1.469015 -0.047218
0.083824 1.723210 -0.047751
0.082597 1.452511 -0.049826
0.083695 1.518962 0.046005
0.084072 1.866517 0.045265
0.085882 1.616068 0.041712
0.085211 1.798835 0.043030
0.086261 1.621115 0.040969
0.084555 1.886025 -0.044317
0.083893 1.498673 -0.045615
0.086115 1.350349 -0.041256
0.085653 1.592636 -0.042161
0.085633 1.721976 -0.042201
0.084768 1.723210 0.046100
0.085340 1.622251 0.044978
0.087052 1.901435 0.041617
0.086435 1.667383 0.042828
0.086126 1.584896 0.043435
0.084861 1.636878 -0.045918
0.085309 1.565691 -0.045038
0.085184 1.297413 -0.045284
0.086076 1.626536 -0.043533
0.085760 1.361994 -0.044154
0.086630 1.342649 0.040170
0.086768 1.496570 0.039852
0.088532 1.643474 0.035775
0.086617 1.938864 0.040201
0.088602 1.628054 0.035612
0.086665 1.585862 -0.040089
0.086565 1.782204 -0.040319
0.087830 1.399346 -0.037397
0.088495 1.549776 -0.035861
0.088581 1.339613 -0.035661
0.088813 1.291674 0.037642
0.088501 1.425128 0.038362
0.089072 1.939440 0.037043
0.088791 1.790583 0.037694
0.087904 1.912632 0.039742
0.087907 1.627265 -0.039736
0.088790 1.907882 -0.037696
0.089514 1.618820 -0.036021
0.088216 1.536399 -0.039022
0.088667 1.553332 -0.037980
0.090032 1.778973 -0.031733
0.088932 1.738533 -0.034789
0.090372 1.714638 -0.030788
0.090231 1.515206 -0.031180
0.089709 1.585377 -0.032629
0.089461 1.720271 0.033319
0.088896 1.399267 0.034887
0.088983 1.949516 0.034646
0.089318 1.891507 0.033714
0.089358 1.837456 0.033604
0.089993 1.385769 -0.034793
0.090587 1.607841 -0.033142
0.091553 1.745216 -0.030458
0.090373 1.479733 -0.033737
0.091590 1.331155 -0.030356
0.090688 1.612718 0.032860
0.091393 1.371362 0.030903
0.090533 1.877653 0.033291
0.091209 1.749388 0.031415
0.091467 1.527770 0.030698
0.091300 1.951435 -0.027898
0.091318 1.581469 -0.027838
0.091363 1.394198 -0.027683
0.092318 1.510623 -0.024396
0.092272 1.320772 -0.024552
0.091620 1.500056 0.026799
0.091619 1.423189 0.026802
0.092144 1.482944 0.024994
0.091673 1.956181 0.026614
0.092500 1.796342 0.023770
0.091982 1.695972 -0.029133
0.092104 1.698293 -0.028714
0.092608 1.292675 -0.026980
0.093345 1.586664 -0.024443
0.093189 1.816300 -0.024978
0.092390 1.427318 0.027731
0.092957 1.385044 0.025777
0.092533 1.908618 0.027236
0.092890 1.933392 0.026009
0.093405 1.331123 0.024235
0.093164 1.664104 -0.020801
0.092696 1.716633 -0.022899
0.092930 1.439985 0.021852
0.093041 1.338655 0.021352
0.092613 1.838458 0.023267
0.092994 1.351457 -0.021566
0.093683 1.607066 -0.018483
0.093613 1.520321 0.018792
0.093111 1.954785 0.021040
0.093566 1.621212 0.019005
0.094420 1.809176 -0.019767
0.093482 1.606756 -0.023964
0.093672 1.354598 -0.023114
0.094501 1.724564 -0.019401
0.094570 1.818929 -0.019096
0.093571 1.916970 0.023565
0.093677 1.831583 0.023092
0.094537 1.443310 0.019244
0.094243 1.650307 0.020558
0.094354 1.548254 0.020061
0.093943 1.589438 -0.017082
0.094446 1.801411 -0.013904
0.093901 1.706961 0.017346
0.094015 1.538618 0.016624
0.094347 1.463779 0.014528
0.094536 1.524427 0.013339
0.093955 1.886483 0.017005
0.093868 1.311281 -0.017552
0.094456 1.416116 -0.013838
0.094605 1.516397 -0.012900
0.095083 1.419357 0.008468
0.094864 1.543121 0.010788
0.095314 1.721252 0.006024
0.095290 1.505731 0.006282
0.095310 1.665306 0.006075
0.094833 1.621541 -0.011113
0.095115 1.814023 -0.008136
0.095296 1.452067 -0.006224
0.095014 1.581547 -0.009201
0.095110 1.356211 -0.008190
0.095138 1.532371 -0.015924
0.094931 1.919373 -0.017234
0.095508 1.552448 -0.013591
0.095374 1.562474 -0.014435
0.095454 1.410951 -0.013932
0.095372 1.459030 0.014449
0.095467 1.319071 0.013845
0.095553 1.883378 0.013305
0.095489 1.484317 0.013707
0.095140 1.724742 0.015914
0.095410 1.690214 -0.003024
0.095389 1.775706 -0.003719
0.095463 1.640141 -0.001349
0.095397 1.479346 -0.003459
0.095414 1.498462 -0.002924
0.095382 1.451200 0.003945
0.095353 1.407216 0.004863
0.095494 1.777133 0.000380
0.095367 1.880160 0.004420
0.095424 1.878949 0.002579
0.095762 1.854579 0.011909
0.095801 1.387656 0.011497
0.096181 1.925113 0.007476
0.095855 1.927079 0.010923
0.096279 1.626700 0.006439
0.096188 1.830347 -0.007406
0.096140 1.960988 -0.007912
0.096315 1.625875 -0.006060
0.095883 1.396565 -0.010626
0.096201 1.407982 -0.007265
0.096336 1.695002 -0.005382
0.096390 1.569317 -0.003660
0.096367 1.421509 -0.004410
0.096501 1.777366 -0.000135
0.096494 1.409528 -0.000375
0.096326 1.731224 0.005717
0.096400 1.481291 0.003366
0.096444 1.954280 0.001944
0.096484 1.636524 0.000685
0.096484 1.452966 0.000700
