-0.096494 -2.147135 -0.000359
-0.096382 -1.414270 -0.003934
-0.096494 -1.562197 -0.000362
-0.096451 -1.875516 0.001747
-0.096498 -1.350528 0.000248
-0.096366 -1.838511 0.004433
-0.096352 -1.484979 0.004875
-0.096432 -1.402515 0.002331
-0.096342 -1.509528 -0.005213
-0.096385 -2.213571 -0.003837
-0.096067 -1.533712 -0.008683
-0.096207 -1.918355 -0.007201
-0.096119 -1.737603 -0.008131
-0.095872 -2.401365 -0.010752
-0.096152 -2.161676 -0.007782
-0.096314 -2.187937 0.006074
-0.096197 -2.201872 0.007311
-0.095988 -2.327760 0.009517
-0.095791 -1.883317 0.011603
-0.096011 -1.565206 0.009280
-0.095489 -1.726571 0.013707
-0.095407 -1.970237 0.014228
-0.095674 -2.112796 0.012542
-0.094924 -1.489083 0.017274
-0.095052 -1.502688 0.016467
-0.095718 -2.388633 -0.012262
-0.095030 -1.358322 -0.016609
-0.095677 -2.293398 -0.012523
-0.095075 -2.283431 -0.016321
-0.094997 -2.041131 -0.016814
-0.095378 -1.623104 -0.004052
-0.095474 -1.741624 -0.000994
-0.095482 -1.851286 -0.000760
-0.095469 -2.193005 0.001163
-0.095328 -2.417902 0.005654
-0.095332 -1.969049 -0.005536
-0.095385 -1.995658 -0.003822
-0.095346 -1.538218 -0.005068
-0.095364 -2.005492 0.004497
-0.095375 -1.766316 0.004166
-0.095127 -1.951084 -0.008006
-0.095146 -1.978925 -0.007804
-0.094838 -1.316290 -0.011063
-0.094834 -2.407932 0.011107
-0.095217 -2.428144 0.007058
-0.094791 -1.539852 -0.011563
-0.094811 -1.442484 -0.011353
-0.094813 -1.972887 -0.011333
-0.094887 -1.650310 0.010544
-0.095096 -1.550464 0.008338
-0.094297 -1.794781 -0.020314
-0.094551 -1.786037 -0.019180
-0.093784 -1.432045 -0.022613
-0.094163 -2.174246 -0.020915
-0.094508 -2.383880 -0.019373
-0.094616 -2.363943 0.018891
-0.094542 -2.408760 0.019222
-0.094584 -1.709503 0.019032
-0.093859 -1.345679 0.022276
-0.094029 -1.622949 0.021514
-0.094618 -1.661079 0.012819
-0.094583 -2.206467 0.013040
-0.094569 -2.414832 0.013126
-0.094412 -1.534809 0.014119
-0.094095 -1.870388 0.016122
-0.094155 -1.412810 -0.015742
-0.094151 -1.437666 -0.015765
-0.094597 -1.439287 -0.012954
-0.094322 -2.359302 -0.014685
-0.093906 -2.037918 -0.017313
-0.093121 -1.768777 -0.020998
-0.093655 -1.382313 -0.018609
-0.092941 -1.647604 -0.021799
-0.092982 -1.817743 -0.021618
-0.092720 -1.800783 -0.022791
-0.093747 -1.932145 0.018195
-0.093476 -1.790796 0.019407
-0.092736 -2.272534 0.022717
-0.092571 -2.256796 0.023458
-0.093537 -1.412884 0.019134
-0.092331 -2.363484 0.027935
-0.092805 -2.223309 0.026301
-0.093216 -2.412796 0.024888
-0.092425 -1.580135 0.027609
-0.092915 -1.527127 0.025923
-0.092868 -1.834879 -0.026086
-0.092195 -1.535359 -0.028402
-0.093215 -2.176899 -0.024891
-0.092341 -2.105012 -0.027897
-0.092192 -2.192751 -0.028412
-0.092008 -2.295661 0.025463
-0.091926 -2.205374 0.025744
-0.091964 -2.277278 0.025614
-0.090995 -1.583247 0.028947
-0.091600 -1.800530 0.026865
-0.091927 -1.502582 -0.025740
-0.091866 -1.469065 -0.025950
-0.092087 -1.360247 -0.025189
-0.091920 -2.390348 -0.025765
-0.091277 -1.799827 -0.027977
-0.090428 -2.266540 0.033584
-0.091086 -2.209260 0.031757
-0.090562 -2.246569 0.033211
-0.090666 -1.609283 0.032921
-0.090876 -1.347339 0.032339
-0.091350 -1.923917 -0.031021
-0.091193 -1.513135 -0.031458
-0.091726 -1.860963 -0.029979
-0.090835 -2.124718 -0.032452
-0.090164 -1.625938 -0.034316
-0.090068 -1.880005 -0.031632
-0.090402 -1.941288 -0.030705
-0.090387 -1.410558 -0.030746
-0.089260 -1.646578 -0.033877
-0.088987 -1.501502 -0.034636
-0.090638 -1.848896 0.030048
-0.090533 -1.925750 0.030340
-0.090393 -1.671485 0.030730
-0.088901 -2.350170 0.034875
-0.088814 -1.425101 0.035116
-0.089079 -1.316120 -0.037028
-0.088140 -1.462426 -0.039196
-0.089685 -1.420219 -0.035628
-0.087491 -1.563226 -0.040696
-0.088194 -2.405664 -0.039072
-0.089230 -2.100677 0.036679
-0.087951 -2.248575 0.039633
-0.089431 -1.975415 0.036213
-0.087977 -1.941160 0.039573
-0.087548 -1.798569 0.040566
-0.087969 -2.147010 0.037076
-0.088151 -2.006268 0.036654
-0.087187 -2.206331 0.038883
-0.087538 -1.530914 0.038071
-0.086734 -2.175484 0.039929
-0.088116 -1.732928 -0.036737
-0.086641 -1.340677 -0.040144
-0.088623 -1.975836 -0.035564
-0.087266 -1.902187 -0.038699
-0.086747 -2.196007 -0.039900
-0.086588 -2.032269 0.042528
-0.085572 -2.129867 0.044522
-0.086819 -2.227876 0.042075
-0.086383 -1.589936 0.042930
-0.085980 -1.404478 0.043721
-0.086846 -2.043839 -0.042022
-0.086558 -1.874352 -0.042587
-0.086989 -1.305219 -0.041740
-0.085037 -1.835362 -0.045571
-0.086036 -2.310552 -0.043612
-0.085885 -1.667122 0.041706
-0.086087 -2.388546 0.041310
-0.085502 -1.937177 0.042458
-0.084302 -2.033123 0.044812
-0.083697 -1.594211 0.046000
-0.084838 -1.524054 -0.043761
-0.086259 -1.528238 -0.040972
-0.086270 -1.571891 -0.040951
-0.083921 -2.431376 -0.045561
-0.085472 -2.275763 -0.042518
-0.084319 -2.209685 -0.046914
-0.084225 -1.664353 -0.047072
-0.083280 -1.711045 -0.048670
-0.081623 -1.871599 -0.051473
-0.083019 -2.291041 -0.049112
-0.083151 -2.260156 0.048888
-0.082426 -2.384941 0.050115
-0.083524 -2.266792 0.048258
-0.081855 -1.871174 0.051080
-0.082138 -1.440182 0.050601
-0.082402 -1.915196 -0.048191
-0.083470 -2.018641 -0.046386
-0.082534 -1.469522 -0.047968
-0.081051 -1.632073 -0.050476
-0.080857 -1.929080 -0.050804
-0.082855 -2.422547 0.047426
-0.082030 -2.217507 0.048820
-0.083562 -1.742670 0.046230
-0.082621 -1.584767 0.047821
-0.080876 -1.608104 0.050772
-0.080365 -2.074930 0.053354
-0.080638 -1.673988 0.052953
-0.080757 -2.283843 0.052777
-0.079366 -1.730285 0.054824
-0.078511 -2.127305 0.056082
-0.080734 -1.957972 -0.052812
-0.080820 -1.513129 -0.052685
-0.080138 -1.949081 -0.053688
-0.078509 -2.163825 -0.056086
-0.079662 -2.116947 -0.054388
-0.078539 -2.349670 0.054262
-0.080538 -1.995381 0.051321
-0.079193 -2.375088 0.053300
-0.078183 -1.723228 0.054787
-0.078352 -1.424240 0.054539
-0.078936 -1.682644 -0.053679
-0.079941 -1.402202 -0.052199
-0.080087 -1.732993 -0.051985
-0.079597 -2.240340 -0.052706
-0.077606 -2.398670 -0.055636
-0.076496 -2.013205 0.058760
-0.076693 -1.991209 0.058505
-0.076772 -1.749457 0.058403
-0.075671 -1.714829 0.059823
-0.076497 -1.743080 0.058758
-0.076052 -1.740598 -0.059332
-0.075099 -1.434360 -0.060561
-0.077301 -1.820421 -0.057722
-0.074361 -1.520715 -0.061512
-0.076536 -2.030239 -0.058708
-0.074301 -2.421176 0.059958
-0.076509 -2.091232 0.057112
-0.075190 -2.166566 0.058813
-0.073767 -1.719399 0.060647
-0.074390 -1.725844 0.059843
-0.076900 -1.856457 -0.056608
-0.076591 -2.024436 -0.057006
-0.076901 -1.430970 -0.056606
-0.074573 -1.773137 -0.059608
-0.074858 -1.984927 -0.059240
-0.071280 -2.414836 0.065008
-0.070607 -2.420571 0.065771
-0.074144 -1.874340 0.061758
-0.072342 -1.362695 0.063803
-0.071379 -1.449235 0.064895
-0.072864 -1.925374 -0.063211
-0.071985 -1.399508 -0.064207
-0.072615 -1.534078 -0.063493
-0.073433 -2.423272 -0.062565
-0.070394 -2.222222 -0.066012
-0.070414 -2.225808 0.064478
-0.073514 -1.361558 0.060961
-0.073293 -1.398373 0.061212
-0.072763 -1.337723 0.061814
-0.070284 -1.655610 0.064625
-0.070701 -1.437675 -0.064153
-0.070088 -1.408669 -0.064848
-0.070882 -1.417735 -0.063947
-0.071467 -2.251706 -0.063283
-0.070854 -2.259288 -0.063978
-0.069819 -2.413505 0.066593
-0.069154 -2.259001 0.067258
-0.068644 -2.151333 0.067768
-0.067347 -1.890598 0.069065
-0.068112 -1.566848 0.068300
-0.069508 -1.857987 -0.066904
-0.068964 -1.665314 -0.067448
-0.068223 -1.401612 -0.068189
-0.066402 -2.198180 -0.070010
-0.067045 -2.076112 -0.069367
-0.068268 -2.372066 0.066730
-0.065527 -2.424554 0.069471
-0.069526 -1.710773 0.065472
-0.066026 -1.552210 0.068973
-0.065854 -1.815770 0.069144
-0.067802 -1.329360 -0.067197
-0.067172 -1.597376 -0.067826
-0.067216 -1.782271 -0.067782
-0.066527 -2.212587 -0.068472
-0.066816 -1.898310 -0.068183
-0.065080 -1.893686 -0.071215
-0.063221 -1.467675 -0.072855
-0.065166 -2.045021 -0.071140
-0.064088 -2.141741 -0.072090
-0.061711 -1.850322 -0.074186
-0.065738 -1.637825 0.070635
-0.061863 -2.397647 0.074052
-0.065228 -2.019057 0.071085
-0.063054 -1.386086 0.073002
-0.062371 -2.013171 0.073604
-0.064642 -1.316754 -0.070269
-0.062979 -1.822660 -0.071735
-0.062929 -1.614877 -0.071780
-0.062729 -2.074661 -0.071956
-0.063105 -1.875295 -0.071624
-0.062786 -2.136523 0.071906
-0.065378 -2.254504 0.069621
-0.064839 -2.139768 0.070096
-0.061793 -1.929947 0.072781
-0.064940 -1.319180 0.070006
-0.060583 -1.520659 -0.075082
-0.058874 -1.556280 -0.076407
-0.059782 -1.449069 -0.075703
-0.057128 -2.259033 -0.077762
-0.058160 -1.964368 -0.076961
-0.060387 -2.435974 0.075234
-0.061006 -1.739887 0.074753
-0.058528 -2.393622 0.076676
-0.057012 -1.886043 0.077852
-0.059207 -1.368714 0.076149
-0.056717 -1.431631 -0.076815
-0.060303 -1.596861 -0.074034
-0.058335 -1.505400 -0.075561
-0.057261 -2.199331 -0.076393
-0.056142 -2.166035 -0.077262
-0.059411 -2.402888 0.074726
-0.060517 -1.730671 0.073868
-0.060794 -1.773697 0.073653
-0.057360 -1.859021 0.076317
-0.059734 -1.379002 0.074475
-0.054746 -2.124114 0.079419
-0.056187 -2.202165 0.078440
-0.055393 -1.816768 0.078980
-0.053143 -1.545826 0.080508
-0.052737 -1.733422 0.080785
-0.055559 -2.165959 -0.078867
-0.055365 -1.391482 -0.078999
-0.056672 -1.887821 -0.078110
-0.052661 -2.404745 -0.080836
-0.052556 -1.638243 -0.080907
-0.053285 -1.992707 0.079204
-0.055690 -1.895477 0.077569
-0.055388 -1.662416 0.077774
-0.052998 -1.577981 0.079398
-0.052540 -1.345685 0.079710
-0.052030 -1.307173 -0.080057
-0.053736 -1.344985 -0.078897
-0.053091 -1.308167 -0.079336
-0.054448 -2.422186 -0.078413
-0.052372 -1.611890 -0.079824
-0.050773 -1.313116 -0.082037
-0.049452 -1.503546 -0.082818
-0.051051 -1.546838 -0.081872
-0.047012 -2.073918 -0.084261
-0.046749 -1.519820 -0.084416
-0.049872 -2.279672 0.082570
-0.049591 -2.347708 0.082736
-0.051579 -1.827460 0.081560
-0.047345 -2.134899 0.084064
-0.047171 -2.197053 0.084167
-0.050334 -1.542863 -0.081135
-0.051056 -2.278403 -0.080708
-0.050863 -2.220863 -0.080822
-0.048622 -2.402298 -0.082148
-0.050736 -2.418671 -0.080897
-0.048974 -2.211972 0.081939
-0.049468 -2.265913 0.081647
-0.048304 -2.382636 0.082336
-0.046798 -1.764684 0.083226
-0.049472 -1.377836 0.081645
-0.044587 -1.575599 -0.085539
-0.043679 -1.733715 -0.086002
-0.045341 -2.016643 -0.085155
-0.042537 -1.717666 -0.086584
-0.041671 -2.350960 -0.087025
-0.045479 -2.208838 0.085085
-0.044157 -2.185950 0.085758
-0.042596 -2.179568 0.086554
-0.041840 -1.478486 0.086939
-0.043178 -1.833445 0.086257
-0.045368 -1.677894 -0.084019
-0.045224 -1.696592 -0.084093
-0.043867 -1.464317 -0.084784
-0.042698 -1.744121 -0.085380
-0.043832 -2.228079 -0.084802
-0.045135 -1.572833 0.084138
-0.045942 -2.005578 0.083727
-0.045341 -1.912273 0.084033
-0.043847 -1.688751 0.084794
-0.044232 -1.562163 0.084598
-0.040425 -1.430805 -0.087609
-0.040504 -1.988195 -0.087575
-0.040242 -1.629764 -0.087688
-0.038131 -2.272646 -0.088601
-0.037581 -2.310567 -0.088839
-0.040785 -2.429551 0.087453
-0.040849 -2.205136 0.087425
-0.038359 -2.123901 0.088502
-0.035943 -1.850558 0.089548
-0.035556 -1.776397 0.089716
-0.037100 -1.318237 -0.087958
-0.039936 -1.384028 -0.086731
-0.037219 -1.632401 -0.087907
-0.038832 -2.250204 -0.087209
-0.040072 -2.427421 -0.086672
-0.035446 -2.388829 0.088674
-0.038902 -2.086907 0.087179
-0.036253 -2.216329 0.088325
-0.036873 -1.351230 0.088057
-0.038867 -1.573374 0.087194
-0.032196 -2.111641 0.090928
-0.033358 -1.833393 0.090509
-0.033852 -1.865142 0.090331
-0.031912 -1.728408 0.091030
-0.030004 -1.892854 0.091717
-0.035203 -1.805401 -0.089845
-0.034137 -1.689838 -0.090229
-0.035508 -1.891422 -0.089735
-0.032241 -2.316279 -0.090911
-0.031075 -2.425768 -0.091331
-0.033672 -1.654827 -0.089334
-0.032126 -1.704816 -0.089890
-0.034596 -2.316377 -0.089001
-0.031372 -1.957111 -0.090162
-0.030436 -2.381910 -0.090499
-0.033038 -1.811615 0.089562
-0.031620 -2.375271 0.090073
-0.031669 -2.099871 0.090055
-0.033070 -1.307385 0.089550
-0.031047 -1.777698 0.090279
-0.028306 -2.406244 0.092222
-0.028895 -2.290188 0.092051
-0.025281 -2.425184 0.093101
-0.027764 -1.304810 0.092380
-0.026488 -1.470338 0.092751
-0.024671 -1.381382 -0.093279
-0.029251 -2.213137 -0.091948
-0.029441 -1.953612 -0.091893
-0.026157 -2.355846 -0.092847
-0.025808 -1.764745 -0.092948
-0.027782 -2.009022 0.091334
-0.029490 -1.331634 0.090838
-0.027081 -2.323329 0.091538
-0.024706 -1.764442 0.092228
-0.025145 -1.592339 0.092100
-0.028549 -1.714377 -0.091111
-0.027811 -1.627267 -0.091326
-0.026756 -1.529217 -0.091632
-0.024326 -2.137305 -0.092338
-0.026000 -2.259992 -0.091852
-0.020085 -1.516059 -0.094349
-0.022274 -2.059507 -0.093859
-0.023959 -1.750962 -0.093483
-0.018519 -1.536543 -0.094699
-0.018714 -2.047153 -0.094655
-0.018542 -2.422715 0.094694
-0.021220 -2.347866 0.094095
-0.020952 -2.075910 0.094155
-0.023240 -1.440926 0.093644
-0.020794 -1.781987 0.094190
-0.021707 -1.913943 -0.092962
-0.021529 -1.449952 -0.093002
-0.022212 -1.678045 -0.092849
-0.019784 -1.700435 -0.093392
-0.020589 -2.042703 -0.093212
-0.022508 -2.146586 0.092783
-0.021769 -2.121076 0.092948
-0.022162 -2.224531 0.092860
-0.022746 -1.470605 0.092730
-0.023085 -1.365611 0.092654
-0.017248 -2.298893 0.094928
-0.017269 -2.219413 0.094925
-0.016383 -2.239918 0.095065
-0.012461 -2.182806 0.095687
-0.012964 -2.262689 0.095607
-0.016834 -2.168089 -0.094994
-0.017924 -2.207272 -0.094821
-0.018033 -1.773819 -0.094804
-0.015803 -2.339979 -0.095157
-0.013325 -1.568176 -0.095550
-0.016673 -1.828305 0.094008
-0.015924 -1.718197 0.094126
-0.016561 -2.007575 0.094025
-0.014300 -1.414461 0.094383
-0.015329 -1.394087 0.094220
-0.017587 -1.859668 -0.093863
-0.017810 -2.278588 -0.093827
-0.014657 -1.667346 -0.094327
-0.013895 -1.976681 -0.094448
-0.013995 -1.942291 -0.094432
-0.010462 -1.943963 0.095899
-0.011899 -2.068607 0.095763
-0.010825 -2.196618 0.095865
-0.007189 -2.046877 0.096208
-0.010090 -1.400814 0.095934
-0.006530 -1.376859 -0.096271
-0.010325 -1.953703 -0.095912
-0.009414 -1.579713 -0.095998
-0.011653 -2.397026 -0.095786
-0.008069 -2.263683 -0.096125
-0.008603 -2.193170 0.095071
-0.011696 -2.168233 0.094778
-0.010428 -2.120152 0.094898
-0.006400 -2.324346 0.095279
-0.006472 -2.052454 0.095272
-0.009125 -1.838872 -0.095021
-0.010465 -1.610482 -0.094895
-0.008718 -1.316051 -0.095060
-0.007412 -1.579725 -0.095183
-0.007221 -1.609771 -0.095201
-0.003422 -1.539461 -0.096398
-0.005111 -1.644774 -0.096345
-0.003740 -1.595823 -0.096388
-0.000830 -1.642527 -0.096479
-0.001262 -2.385224 -0.096466
-0.005653 -1.625018 0.096328
-0.002052 -2.283276 0.096441
-0.003481 -2.189265 0.096396
-0.001691 -1.702014 0.096452
-0.003541 -1.485322 0.096394
-0.003316 -1.792086 -0.095401
-0.005463 -1.912648 -0.095334
-0.004567 -1.356865 -0.095362
-0.000343 -1.448515 -0.095495
-0.003432 -2.294972 -0.095398
-0.001858 -2.332178 0.095447
-0.001349 -2.200471 0.095463
-0.003951 -2.110611 0.095381
-0.005450 -1.304946 0.095334
-0.000384 -1.625618 0.095493
0.001417 -2.162265 0.096461
0.003539 -2.112257 0.096394
0.000767 -1.620017 0.096481
0.004236 -1.550726 0.096372
0.003157 -1.529770 0.096406
0.002439 -1.914471 0.095429
0.002358 -2.344549 0.095431
0.005067 -2.357756 0.095346
0.005906 -1.561813 0.095320
0.004634 -2.150816 0.095360
0.001228 -1.653296 -0.095467
0.002327 -1.577634 -0.095432
0.005864 -1.675125 -0.095321
0.004106 -1.924716 -0.095376
0.005980 -2.135373 -0.095318
0.003794 -1.694284 -0.096386
0.000515 -2.103784 -0.096489
0.002886 -1.907334 -0.096415
0.005446 -1.595126 -0.096334
0.004606 -2.186676 -0.096361
0.008726 -2.420724 0.095059
0.009909 -2.051478 0.094947
0.011191 -1.414999 0.094826
0.010108 -1.821424 0.094928
0.007256 -1.376937 0.095198
0.006921 -1.490530 -0.095230
0.010770 -1.375869 -0.094866
0.011076 -1.601093 -0.094837
0.007069 -2.413021 -0.095216
0.011543 -1.991481 -0.094793
0.006566 -2.162294 0.096267
0.007859 -2.362118 0.096145
0.011076 -2.220850 0.095841
0.010992 -2.139055 0.095849
0.010955 -1.304165 0.095852
0.006557 -1.731984 -0.096268
0.008422 -1.772684 -0.096092
0.010834 -2.123793 -0.095864
0.010325 -1.640063 -0.095912
0.008935 -2.336445 -0.096043
0.015845 -2.302105 0.094139
0.013648 -2.392800 0.094487
0.015178 -1.617386 0.094244
0.012908 -1.368554 0.094604
0.017226 -1.809927 0.093920
0.012510 -2.027095 -0.094667
0.012198 -1.657713 -0.094716
0.013495 -2.349440 -0.094511
0.016003 -1.914162 -0.094114
0.015860 -1.997883 -0.094136
0.012535 -1.583761 0.095675
0.012644 -2.176061 0.095658
0.017983 -1.877865 0.094812
0.016155 -1.365205 0.095102
0.017771 -1.533174 0.094846
0.015299 -1.322961 -0.095237
0.016048 -1.338692 -0.095118
0.016648 -2.108069 -0.095024
0.015940 -2.163252 -0.095136
0.016084 -2.352942 -0.095113
0.021155 -2.171285 0.093085
0.021922 -2.301599 0.092914
0.022964 -2.080873 0.092681
0.023251 -1.950764 0.092617
0.023715 -1.914247 0.092513
0.018012 -1.550790 -0.093788
0.020662 -1.674262 -0.093196
0.019073 -2.391941 -0.093551
0.022519 -1.828532 -0.092780
0.019037 -2.236697 -0.093559
0.019974 -2.098832 0.094373
0.018698 -1.886040 0.094659
0.023540 -1.859136 0.093576
0.020330 -1.573934 0.094294
0.022922 -1.484013 0.093715
0.019653 -1.965337 -0.094445
0.021905 -1.515575 -0.093942
0.022932 -2.315579 -0.093712
0.023999 -2.284795 -0.093474
0.021904 -2.164486 -0.093942
0.025387 -1.926848 -0.092030
0.027096 -1.537874 -0.091533
0.026248 -2.153562 -0.091780
0.029146 -1.931010 -0.090938
0.026644 -2.139951 -0.091665
0.027037 -2.223295 0.091550
0.027628 -2.075969 0.091379
0.027845 -2.040488 0.091316
0.029184 -1.827196 0.090927
0.029186 -1.924402 0.090926
0.024664 -1.826673 -0.093281
0.024221 -1.824125 -0.093409
0.028507 -1.645051 -0.092164
0.024650 -2.421674 -0.093285
0.027019 -2.370231 -0.092596
0.024874 -2.198272 0.093220
0.027298 -2.222753 0.092516
0.027642 -1.337844 0.092415
0.028802 -1.658024 0.092078
0.025805 -1.478212 0.092949
0.031050 -1.878760 0.090278
0.031810 -1.959365 0.090004
0.032962 -1.476030 0.089589
0.033126 -1.937452 0.089530
0.030539 -1.385662 0.090462
0.029576 -2.040583 -0.090808
0.032869 -1.694011 -0.089623
0.033241 -2.240531 -0.089489
0.033389 -1.773774 -0.089435
0.031346 -2.304491 -0.090171
0.031099 -2.261995 0.091322
0.030453 -1.775099 0.091555
0.033573 -1.675442 0.090432
0.033725 -1.555694 0.090377
0.035399 -2.034371 0.089774
0.031346 -1.885939 -0.091234
0.034477 -1.434676 -0.090106
0.033006 -2.160375 -0.090636
0.034953 -1.855738 -0.089935
0.032397 -2.160631 -0.090855
0.036348 -2.204570 0.088284
0.038243 -2.071952 0.087464
0.040018 -2.143506 0.086696
0.038101 -1.739048 0.087525
0.038643 -1.338881 0.087291
0.037907 -1.759139 -0.087609
0.038093 -1.424529 -0.087529
0.040384 -2.291496 -0.086537
0.039363 -2.376092 -0.086979
0.039159 -1.670275 -0.087067
0.036082 -2.105892 0.089488
0.038703 -2.029174 0.088354
0.038711 -1.416634 0.088350
0.040657 -1.495934 0.087508
0.037615 -1.603116 0.088825
0.039735 -1.553209 -0.087907
0.036456 -1.761577 -0.089326
0.037070 -2.287178 -0.089060
0.040792 -2.086201 -0.087450
0.040131 -1.733250 -0.087736
0.044410 -2.396417 0.084508
0.042288 -2.205840 0.085589
0.043002 -1.587357 0.085225
0.041775 -1.382242 0.085850
0.042908 -1.647807 0.085273
0.041232 -1.873724 -0.086127
0.041168 -1.354948 -0.086159
0.043925 -2.272322 -0.084755
0.042486 -2.404546 -0.085488
0.043908 -2.220800 -0.084763
0.045290 -2.218450 0.085181
0.042046 -2.025769 0.086834
0.045469 -1.746208 0.085090
0.046479 -1.806520 0.084575
0.046211 -2.024895 0.084711
0.042541 -1.773940 -0.086581
0.041271 -2.045864 -0.087228
0.045657 -2.301460 -0.084994
0.046296 -2.163420 -0.084668
0.044735 -2.030659 -0.085463
0.046148 -2.148485 -0.083610
0.047733 -1.323221 -0.082673
0.049488 -2.341190 -0.081635
0.049660 -1.921725 -0.081534
0.051018 -1.709322 -0.080730
0.047958 -2.223642 0.082540
0.047604 -2.349059 0.082749
0.050138 -1.967186 0.081251
0.049956 -1.572161 0.081359
0.049274 -1.986856 0.081762
0.048308 -1.856531 -0.083494
0.046875 -1.999736 -0.084342
0.047561 -2.427151 -0.083936
0.051370 -1.686209 -0.081684
0.049426 -2.175649 -0.082833
0.049602 -2.093531 0.082729
0.048219 -2.134085 0.083547
0.050356 -1.695515 0.082283
0.049912 -1.712063 0.082546
0.048727 -1.541839 0.083247
0.054030 -1.452418 -0.078697
0.051565 -1.598824 -0.080372
0.054714 -2.401900 -0.078233
0.054923 -2.404422 -0.078091
0.056047 -1.671205 -0.077327
0.055763 -2.360503 0.077520
0.054357 -2.169955 0.078475
0.056091 -1.356370 0.077297
0.054458 -1.555857 0.078406
0.054824 -1.566005 0.078158
0.052246 -2.221256 -0.081118
0.054399 -1.407395 -0.079655
0.056019 -2.140159 -0.078554
0.053441 -2.052711 -0.080306
0.056406 -1.510999 -0.078291
0.052846 -2.017302 0.080711
0.055762 -2.425780 0.078729
0.055508 -1.486922 0.078901
0.054208 -1.389280 0.079785
0.055563 -1.942306 0.078864
0.058090 -1.959086 0.075750
0.057538 -2.206379 0.076179
0.060220 -1.376152 0.074098
0.060819 -2.009952 0.073633
0.060554 -1.927940 0.073839
0.057519 -1.479631 -0.076193
0.056596 -1.410258 -0.076909
0.059721 -2.299078 -0.074485
0.058998 -2.345447 -0.075046
0.060660 -1.646266 -0.073757
0.057409 -1.605307 0.077543
0.058114 -2.038483 0.076997
0.059184 -1.531505 0.076167
0.060264 -2.140868 0.075329
0.060956 -1.958216 0.074793
0.056854 -2.177795 -0.077974
0.057610 -2.161566 -0.077387
0.060694 -2.123844 -0.074995
0.056851 -2.419669 -0.077976
0.061346 -2.320535 -0.074490
0.061650 -2.387607 0.072907
0.064034 -2.178791 0.070806
0.065096 -2.185964 0.069869
0.064157 -1.562576 0.070697
0.063306 -1.639951 0.071447
0.060976 -1.884147 -0.073501
0.065183 -1.318714 -0.069793
0.065184 -2.051279 -0.069791
0.064418 -1.579881 -0.070467
0.065227 -2.251890 -0.069754
0.061735 -2.193138 0.074165
0.063180 -2.305454 0.072891
0.062193 -1.349856 0.073761
0.064702 -1.831172 0.071549
0.064945 -1.309000 0.071335
0.062492 -1.674761 -0.073498
0.063312 -1.958634 -0.072774
0.065202 -1.800113 -0.071108
0.065118 -2.241265 -0.071182
0.063612 -1.925761 -0.072510
0.067513 -2.111681 0.067486
0.066221 -2.263049 0.068778
0.068946 -2.083800 0.066052
0.069284 -1.346895 0.065714
0.068871 -2.046573 0.066128
0.065695 -2.054057 -0.069304
0.067640 -1.804086 -0.067359
0.069242 -2.219473 -0.065756
0.069282 -1.432688 -0.065717
0.069455 -1.745986 -0.065543
0.068230 -2.330641 0.068182
0.068679 -2.062245 0.067733
0.066526 -1.424082 0.069886
0.067325 -1.314023 0.069087
0.070185 -2.183804 0.066227
0.067054 -1.604300 -0.069358
0.066668 -1.371101 -0.069744
0.069903 -1.998381 -0.066509
0.069058 -1.956696 -0.067354
0.068924 -1.932140 -0.067488
0.070158 -2.275003 0.064768
0.071861 -2.000553 0.062836
0.072213 -1.820521 0.062437
0.072271 -1.359802 0.062372
0.072182 -1.770768 0.062473
0.071989 -1.365790 -0.062691
0.070972 -1.725221 -0.063846
0.072625 -2.368077 -0.061970
0.071217 -2.333149 -0.063567
0.071338 -2.166274 -0.063430
0.072863 -2.148086 0.063211
0.072951 -2.359591 0.063112
0.073624 -1.803594 0.062348
0.072994 -1.523093 0.063063
0.070702 -1.341887 0.065662
0.070470 -1.411198 -0.065926
0.073058 -1.651546 -0.062991
0.073409 -1.895316 -0.062592
0.074349 -1.940046 -0.061526
0.074206 -1.428422 -0.061688
0.074639 -1.628463 -0.059523
0.074884 -1.730657 -0.059207
0.076890 -1.987476 -0.056621
0.076889 -1.536981 -0.056622
0.077097 -2.010891 -0.056354
0.075602 -1.986625 0.058281
0.075364 -2.008951 0.058588
0.076774 -1.305020 0.056770
0.074625 -1.352521 0.059541
0.076721 -1.828242 0.056839
0.077505 -1.373736 -0.057459
0.074475 -1.603061 -0.061365
0.077515 -2.277400 -0.057446
0.077765 -2.434798 -0.057124
0.077241 -2.046547 -0.057800
0.075047 -2.076805 0.060627
0.076620 -2.111156 0.058600
0.077881 -1.500583 0.056974
0.077568 -1.789262 0.057378
0.076356 -1.633018 0.058939
0.079830 -1.452959 -0.052363
0.077933 -2.033665 -0.055155
0.077310 -1.889672 0.056072
0.077903 -2.047860 0.055199
0.078823 -2.314344 0.053846
0.079961 -1.448681 0.052170
0.079856 -2.086814 0.052326
0.079385 -2.104822 -0.053019
0.080488 -1.608912 -0.051395
0.080356 -2.152972 -0.051589
0.080993 -2.380491 0.052431
0.079766 -2.070530 0.054236
0.080122 -1.344132 0.053712
0.078876 -1.498690 0.055545
0.080095 -1.346628 0.053751
0.078727 -2.068771 -0.055764
0.079229 -1.764496 -0.055025
0.081468 -2.099187 -0.051731
0.080938 -2.291916 -0.052511
0.080992 -1.964184 -0.052432
0.081505 -1.641995 0.049708
0.080715 -2.011514 0.051044
0.083071 -2.081470 0.047061
0.083669 -1.346156 0.046050
0.083625 -1.772859 0.046124
0.081417 -1.744781 -0.049857
0.080866 -1.897433 -0.050788
0.081204 -2.286133 -0.050217
0.082665 -1.747032 -0.047746
0.082739 -2.365544 -0.047622
0.082206 -1.754411 0.050486
0.081485 -1.576709 0.051706
0.083663 -1.725332 0.048023
0.082454 -1.410181 0.050066
0.084186 -2.258804 0.047138
0.082138 -2.184259 -0.050601
0.083128 -1.364829 -0.048928
0.083783 -2.027252 -0.047820
0.083230 -2.021334 -0.048755
0.084039 -2.064810 -0.047387
0.084137 -1.528392 0.045137
0.084139 -1.578235 0.045132
0.086379 -1.847183 0.040737
0.085169 -1.530162 0.043112
0.085537 -1.605849 0.042389
0.084253 -1.880910 -0.044909
0.084994 -1.390791 -0.043455
0.085272 -2.092110 -0.042910
0.085377 -2.209691 -0.042703
0.084631 -2.296977 -0.044167
0.086254 -2.255194 0.043184
0.085471 -1.791082 0.044721
0.087255 -1.753591 0.041220
0.086277 -1.826051 0.043138
0.085059 -1.426686 0.045528
0.085375 -1.866783 -0.044909
0.085965 -1.457180 -0.043750
0.086209 -2.337511 -0.043273
0.086523 -1.669584 -0.042655
0.086642 -1.866586 -0.042422
0.087001 -1.867069 0.039312
0.086610 -1.481607 0.040216
0.088148 -1.594531 0.036663
0.088022 -1.954059 0.036953
0.088644 -2.322325 0.035515
0.088266 -1.528143 -0.036388
0.086912 -1.512554 -0.039517
0.088375 -1.580506 -0.036138
0.088271 -1.907240 -0.036377
0.087373 -2.116603 -0.038452
0.087752 -2.121855 0.040093
0.088049 -2.097950 0.039407
0.089534 -1.498271 0.035977
0.089709 -1.487124 0.035572
0.088431 -1.451955 0.038525
0.087702 -1.959216 -0.040209
0.087994 -1.621048 -0.039535
0.089156 -2.170545 -0.036850
0.088966 -1.872627 -0.037288
0.087793 -2.410756 -0.039998
0.090115 -1.482378 -0.031502
0.090474 -1.458749 -0.030505
0.090265 -2.247747 -0.031086
0.090753 -1.486416 -0.029729
0.090610 -2.009976 -0.030126
0.089535 -2.435744 0.033113
0.089252 -2.334388 0.033900
0.090683 -2.089139 0.029925
0.090180 -1.871854 0.031323
0.090408 -1.521347 0.030688
0.090948 -1.743181 -0.032138
0.089822 -1.750107 -0.035268
0.090977 -2.378865 -0.032057
0.091707 -1.716937 -0.030030
0.091586 -2.342455 -0.030366
0.090132 -1.558026 0.034406
0.090409 -1.970243 0.033637
0.090863 -1.887268 0.032376
0.091440 -1.385613 0.030772
0.091047 -1.523697 0.031864
0.091085 -2.089302 -0.028638
0.091063 -2.252180 -0.028716
0.091866 -2.051809 -0.025950
0.092387 -1.922806 -0.024156
0.091435 -2.210105 -0.027434
0.091517 -2.104821 0.027152
0.091230 -1.885793 0.028138
0.091469 -1.497418 0.027319
0.091234 -1.530271 0.028125
0.091654 -1.725921 0.026680
0.091818 -2.246695 -0.029698
0.092271 -1.337519 -0.028140
0.093417 -1.891633 -0.024194
0.092966 -1.723199 -0.025746
0.092746 -2.190379 -0.026505
0.091906 -2.394151 0.029395
0.091961 -1.610495 0.029208
0.092781 -1.581373 0.026385
0.093235 -2.201941 0.024821
0.093084 -1.637847 0.025341
0.092584 -2.333385 -0.023398
0.092693 -1.546989 -0.022912
0.093445 -2.315968 0.019544
0.092996 -2.380166 0.021555
0.093186 -2.017148 0.020704
0.093512 -2.107158 -0.019247
0.093469 -1.965014 -0.019440
0.093275 -1.960105 0.020307
0.092909 -1.647795 0.021945
0.093349 -1.681945 0.019976
0.093478 -1.810177 -0.023982
0.093754 -1.385911 -0.022744
0.094597 -2.407351 -0.018972
0.094291 -1.742853 -0.020345
0.094237 -2.383498 -0.020586
0.093624 -2.116338 0.023328
0.093765 -2.417424 0.022696
0.094507 -1.646043 0.019379
0.094287 -1.553809 0.020359
0.093988 -1.649199 0.021700
0.094554 -1.439385 -0.013221
0.094071 -1.438483 -0.016274
0.094354 -1.969523 0.014486
0.094015 -1.593548 0.016626
0.094086 -1.748498 0.016179
0.094378 -1.889349 0.014332
0.094277 -1.586441 0.014974
0.094570 -2.271940 -0.013122
0.094219 -2.064368 -0.015340
0.094650 -1.873497 -0.012614
0.094909 -1.939653 0.010312
0.094914 -2.140210 0.010260
0.095280 -1.675599 0.006388
0.095077 -1.640485 0.008539
0.095200 -1.423234 0.007232
0.094938 -1.314983 -0.010003
0.094963 -1.485986 -0.009739
0.094885 -2.412221 -0.010570
0.095191 -2.329423 -0.007325
0.095235 -2.272814 -0.006863
0.095663 -1.339882 -0.012609
0.095201 -1.473567 -0.015530
0.095212 -2.010138 -0.015461
0.095388 -1.983712 -0.014346
0.094978 -2.254470 -0.016937
0.095038 -1.851499 0.016558
0.095192 -2.123675 0.015584
0.095621 -1.836837 0.012873
0.095582 -1.825226 0.013123
0.095361 -1.315272 0.014520
0.095344 -1.498047 -0.005131
0.095421 -1.529909 -0.002694
0.095471 -1.869501 -0.001108
0.095487 -1.982858 -0.000576
0.095435 -1.907464 -0.002245
0.095373 -2.213294 0.004202
0.095324 -1.473377 0.005775
0.095390 -1.413520 0.003665
0.095389 -1.315385 0.003714
0.095349 -1.307895 0.004982
0.095773 -2.138866 0.011795
0.096180 -2.267343 0.007488
0.095950 -1.427176 0.009925
0.096152 -1.582531 0.007783
0.096135 -1.887435 0.007965
0.095858 -1.968782 -0.010896
0.095808 -1.470433 -0.011425
0.096270 -2.130566 -0.006537
0.096167 -1.798737 -0.007630
0.096057 -2.375717 -0.008786
0.096423 -1.449281 -0.002611
0.096401 -1.643753 -0.003322
0.096475 -2.070019 -0.000987
0.096421 -2.062942 -0.002676
0.096498 -1.737513 -0.000237
0.096371 -2.388945 0.004273
0.096384 -1.910449 0.003864
0.096387 -1.452364 0.003762
0.096471 -1.866742 0.001110
0.096448 -1.707060 0.001842
