6.037026 -0.002677 0.096421
6.506216 -0.000403 0.096493
6.167281 -0.001895 0.096446
7.130930 0.002397 0.096430
7.158626 0.002238 0.096435
5.711763 0.004609 0.096361
6.215080 0.002843 0.096416
5.724458 0.004329 0.096369
6.771891 -0.003246 0.096404
7.251460 -0.003932 0.096382
6.794621 -0.007853 0.096146
5.723888 -0.006898 0.096236
6.517110 -0.008045 0.096127
7.165796 -0.008103 0.096122
6.534828 -0.009668 0.095974
6.401645 0.008259 0.096107
7.238882 0.007304 0.096197
6.519938 0.007156 0.096211
6.421188 0.011608 0.095791
6.589328 0.010331 0.095911
6.139987 0.013608 0.095505
7.283061 0.013699 0.095491
7.018150 0.014828 0.095312
6.549139 0.016067 0.095115
6.283600 0.015094 0.095270
6.931467 -0.012416 0.095694
6.213540 -0.012110 0.095742
6.237987 -0.015195 0.095254
6.435337 -0.016029 0.095122
6.416309 -0.015687 0.095176
6.167434 -0.004137 0.095376
6.129633 -0.003933 0.095382
5.809458 -0.005460 0.095334
7.201503 0.000926 0.095476
7.273098 0.005088 0.095346
6.795225 -0.003925 0.095382
6.470941 -0.003546 0.095394
7.089929 -0.002316 0.095433
6.392317 0.005134 0.095344
6.485575 0.003773 0.095387
6.190567 -0.006300 0.095288
6.460898 -0.006254 0.095293
6.562152 -0.006924 0.095229
6.205370 0.006610 0.095259
6.929483 0.008582 0.095073
6.395457 -0.010508 0.094891
6.721049 -0.010359 0.094905
7.272331 -0.006800 0.095241
5.731129 0.007269 0.095197
6.718548 0.011232 0.094822
5.809872 -0.018591 0.094683
5.788530 -0.023007 0.093696
6.259261 -0.020608 0.094232
7.101581 -0.023451 0.093596
6.232937 -0.022928 0.093713
7.249334 0.022680 0.093769
6.827062 0.019704 0.094434
6.683514 0.020060 0.094354
5.795346 0.019063 0.094577
6.667984 0.022929 0.093713
6.975784 0.012978 0.094593
6.924267 0.012507 0.094667
6.323744 0.012717 0.094634
6.063785 0.014394 0.094369
6.051794 0.013903 0.094446
5.941968 -0.015276 0.094229
6.220869 -0.014786 0.094306
5.747936 -0.013600 0.094494
6.787832 -0.017885 0.093816
6.770247 -0.015963 0.094120
6.153002 -0.018641 0.093647
6.710161 -0.018229 0.093740
5.858696 -0.019593 0.093434
6.326122 -0.023444 0.092574
6.967927 -0.020464 0.093240
7.232771 0.020213 0.093296
6.044309 0.019215 0.093519
6.597802 0.018025 0.093785
6.892894 0.023389 0.092586
5.952919 0.020247 0.093288
6.637342 0.027003 0.092601
6.346856 0.024170 0.093424
6.602196 0.024462 0.093339
6.317390 0.028550 0.092152
5.731283 0.025089 0.093157
5.929992 -0.026698 0.092690
5.991126 -0.026204 0.092833
6.474492 -0.025713 0.092976
6.470245 -0.029723 0.091811
7.091001 -0.028997 0.092022
6.519839 0.026182 0.091799
7.277261 0.026819 0.091614
6.829328 0.025138 0.092102
5.739179 0.024955 0.092155
5.771322 0.026819 0.091614
5.743162 -0.026711 0.091645
6.196452 -0.027249 0.091489
5.816839 -0.027562 0.091398
7.067389 -0.029428 0.090856
6.172979 -0.028815 0.091034
6.725350 0.031049 0.091340
6.859988 0.032064 0.090975
7.015962 0.031003 0.091357
5.724022 0.030159 0.091661
5.815270 0.031261 0.091264
6.103218 -0.033133 0.090590
6.205506 -0.031994 0.091000
5.726477 -0.034857 0.089970
7.101567 -0.033636 0.090409
6.167411 -0.034664 0.090039
5.979871 -0.032065 0.089912
6.831845 -0.029721 0.090756
6.549604 -0.030698 0.090404
6.395456 -0.033869 0.089263
7.306315 -0.034953 0.088872
6.527390 0.030314 0.090543
6.171298 0.030221 0.090576
7.286650 0.032061 0.089914
5.916594 0.034531 0.089024
6.066160 0.033270 0.089478
5.807635 -0.037311 0.088956
6.160368 -0.036790 0.089182
6.265883 -0.038782 0.088320
6.877203 -0.037812 0.088739
7.062001 -0.040968 0.087373
6.334118 0.036786 0.089183
6.027373 0.035727 0.089641
6.209287 0.035862 0.089583
6.245479 0.039529 0.087996
5.715715 0.040999 0.087360
7.243740 0.037965 0.087584
7.108019 0.036445 0.088242
5.683067 0.035162 0.088797
5.792188 0.036953 0.088022
6.440735 0.039012 0.087131
6.605850 -0.036173 0.088360
6.731274 -0.035611 0.088603
5.720180 -0.037771 0.087668
7.153441 -0.037279 0.087881
6.197734 -0.039251 0.087027
6.669492 0.043969 0.085854
6.766675 0.041977 0.086869
6.523581 0.043338 0.086175
5.818232 0.042447 0.086629
5.886354 0.045858 0.084891
5.841096 -0.041724 0.086998
6.170047 -0.042174 0.086768
5.689500 -0.043619 0.086032
7.209569 -0.043886 0.085896
7.144505 -0.043924 0.085877
7.034083 0.043533 0.084954
6.464143 0.041593 0.085943
6.763772 0.043999 0.084717
6.330712 0.045042 0.084185
6.185159 0.043276 0.085085
6.422686 -0.042127 0.085671
6.344307 -0.040967 0.086262
5.695898 -0.042175 0.085646
6.823729 -0.042619 0.085420
6.914957 -0.042906 0.085274
6.754177 -0.046722 0.084432
5.930746 -0.049818 0.082602
5.885069 -0.049371 0.082866
6.369313 -0.051638 0.081525
5.930704 -0.051502 0.081605
6.511949 0.046625 0.084490
6.822398 0.047196 0.084152
6.277959 0.047169 0.084168
7.122679 0.051658 0.081513
5.710195 0.047582 0.083924
6.282969 -0.047983 0.082525
5.804974 -0.049951 0.081362
6.257467 -0.047831 0.082615
6.395446 -0.049816 0.081442
6.153161 -0.050649 0.080949
7.187605 0.047095 0.083050
5.963301 0.046019 0.083687
6.229346 0.046928 0.083149
5.779909 0.049190 0.081811
6.376001 0.049114 0.081856
7.220825 0.055506 0.078903
6.965960 0.053121 0.080523
6.301685 0.053418 0.080321
7.046703 0.056202 0.078429
6.140889 0.055864 0.078659
6.175446 -0.052059 0.081245
5.787805 -0.054749 0.079417
5.811399 -0.054388 0.079662
6.768217 -0.056334 0.078340
6.779133 -0.056672 0.078110
6.504675 0.051850 0.080179
7.150626 0.052295 0.079876
6.833648 0.053671 0.078941
6.441329 0.055571 0.077650
5.991390 0.052441 0.079777
6.080939 -0.054666 0.078265
5.713413 -0.051646 0.080318
5.815647 -0.053214 0.079252
6.767302 -0.053687 0.078931
7.200752 -0.055394 0.077771
6.654057 0.057614 0.077385
7.272562 0.057973 0.077106
6.923640 0.059984 0.075547
5.737100 0.059927 0.075591
6.573393 0.061392 0.074454
6.631931 -0.058507 0.076692
6.000395 -0.059056 0.076266
5.899552 -0.059178 0.076172
7.136723 -0.058304 0.076849
5.859104 -0.061090 0.074688
6.031087 0.056385 0.077073
5.810917 0.056366 0.077087
6.865522 0.058032 0.075796
6.101565 0.057655 0.076088
6.516999 0.060313 0.074026
6.584290 -0.056742 0.076796
6.425785 -0.057830 0.075952
5.897192 -0.057369 0.076310
6.555149 -0.059510 0.074649
6.967751 -0.059451 0.074695
6.011577 0.062370 0.073605
6.682368 0.063879 0.072275
6.577483 0.063192 0.072880
5.879814 0.065524 0.070825
6.291478 0.063292 0.072792
6.230652 -0.063131 0.072934
6.999890 -0.062276 0.073688
5.871819 -0.061851 0.074062
6.514314 -0.065241 0.071074
6.079867 -0.065545 0.070806
7.181195 0.062390 0.072255
7.257308 0.063547 0.071235
6.787369 0.061210 0.073295
6.328286 0.064284 0.070585
6.126877 0.063549 0.071233
6.251553 -0.063220 0.071523
5.809272 -0.064318 0.070555
6.046070 -0.061580 0.072969
6.531703 -0.063956 0.070874
6.779808 -0.064266 0.070601
5.705802 0.066140 0.070272
6.929498 0.066499 0.069913
6.597418 0.068289 0.068123
6.820333 0.070101 0.066311
6.211278 0.069204 0.067208
6.243994 -0.066144 0.070268
6.321829 -0.066737 0.069675
5.983302 -0.068867 0.067545
6.220439 -0.069885 0.066527
7.238633 -0.070303 0.066109
6.875935 0.066041 0.068957
7.079613 0.068564 0.066435
7.115442 0.065846 0.069153
6.205109 0.069093 0.065905
6.253053 0.068261 0.066737
5.758263 -0.067912 0.067087
6.621259 -0.066482 0.068516
5.911675 -0.068661 0.066337
6.802436 -0.068105 0.066893
6.775098 -0.068747 0.066252
6.771532 -0.070536 0.065851
6.446606 -0.071916 0.064286
6.855595 -0.070359 0.066052
6.917625 -0.071356 0.064921
7.290511 -0.073349 0.062660
7.267109 0.072055 0.064128
7.133597 0.071627 0.064614
6.783223 0.071559 0.064691
5.688867 0.070698 0.065668
6.170896 0.072680 0.063419
6.511557 -0.071112 0.063686
6.446506 -0.071020 0.063791
6.737987 -0.070305 0.064602
6.171490 -0.072905 0.061652
6.831247 -0.072343 0.062290
6.356480 0.071035 0.063773
6.787060 0.069960 0.064993
7.288648 0.071679 0.063043
6.494629 0.071654 0.063071
6.256391 0.073563 0.060906
6.372961 -0.075689 0.059800
6.408307 -0.075609 0.059903
7.016355 -0.074749 0.061011
6.826486 -0.076507 0.058746
6.032904 -0.077559 0.057390
7.122515 0.076801 0.058366
7.106988 0.075156 0.060487
7.247688 0.075202 0.060428
6.328730 0.077038 0.058061
6.530748 0.077312 0.057708
5.928028 -0.074929 0.059149
5.921352 -0.076128 0.057603
5.688305 -0.074726 0.059410
7.132781 -0.076883 0.056630
6.525580 -0.076747 0.056805
7.254498 0.075827 0.057991
6.070577 0.074024 0.060316
7.020329 0.076097 0.057643
5.894209 0.075861 0.057948
6.616201 0.076887 0.056625
6.880052 0.080202 0.053595
6.562603 0.079909 0.054026
7.244140 0.080804 0.052708
6.980048 0.081041 0.052359
5.947496 0.078999 0.055365
6.018211 -0.079744 0.054268
6.446661 -0.079519 0.054599
6.902500 -0.078218 0.056513
6.594060 -0.079953 0.053961
7.017326 -0.081193 0.052135
6.756973 0.078148 0.054839
6.246198 0.078302 0.054611
6.225067 0.077865 0.055254
5.889851 0.078977 0.053618
6.198245 0.078922 0.053700
5.946547 -0.077867 0.055252
6.300300 -0.077622 0.055613
5.830859 -0.077366 0.055990
7.067158 -0.077885 0.055226
6.889810 -0.079138 0.053381
6.142586 -0.081618 0.051481
6.228941 -0.082793 0.049494
6.354594 -0.082985 0.049170
7.228132 -0.081826 0.051129
5.913792 -0.084183 0.047143
7.267525 0.081659 0.051411
6.324187 0.081994 0.050844
5.919983 0.081614 0.051487
5.847476 0.084459 0.046678
6.223825 0.083812 0.047771
5.719431 -0.081394 0.049896
6.235844 -0.081068 0.050448
6.705372 -0.081007 0.050551
6.876502 -0.081635 0.049488
6.717809 -0.083047 0.047101
7.120902 0.081895 0.049049
6.208151 0.080962 0.050627
6.484511 0.080798 0.050904
6.983276 0.083115 0.046986
5.853875 0.082661 0.047754
6.468356 -0.085145 0.045360
6.366599 -0.085751 0.044171
6.725570 -0.085162 0.045326
6.123010 -0.086890 0.041935
6.837186 -0.086191 0.043307
6.206927 0.085038 0.045570
6.683614 0.085172 0.045306
6.595910 0.085069 0.045509
5.802692 0.084948 0.045747
6.316747 0.086156 0.043376
6.718191 -0.083745 0.045907
6.191777 -0.085493 0.042476
6.786286 -0.084428 0.044566
7.187675 -0.085871 0.041734
6.579484 -0.084956 0.043530
6.162261 0.084115 0.045179
6.708056 0.085170 0.043110
7.290415 0.085366 0.042725
5.689246 0.085013 0.043417
5.760270 0.085601 0.042263
6.624859 -0.087803 0.039977
6.394260 -0.087643 0.040347
6.373101 -0.088023 0.039467
6.939731 -0.089250 0.036632
5.946517 -0.089414 0.036253
6.755739 0.088454 0.038472
6.770725 0.087631 0.040373
6.710012 0.088311 0.038802
6.181314 0.088076 0.039344
6.865672 0.089255 0.036620
5.978771 -0.086929 0.039479
6.437109 -0.086647 0.040131
5.790724 -0.088237 0.036457
6.206980 -0.088673 0.035448
6.694842 -0.088394 0.036094
6.339634 0.087124 0.039029
7.056027 0.086979 0.039362
6.349371 0.087240 0.038759
6.860736 0.088242 0.036446
6.218496 0.088205 0.036530
6.111082 0.090152 0.034351
6.939984 0.089874 0.035121
5.996173 0.090018 0.034721
6.032656 0.091092 0.031740
6.479389 0.090872 0.032350
6.220652 -0.091050 0.031857
5.735273 -0.090288 0.033972
5.737374 -0.091089 0.031748
7.174831 -0.091717 0.030004
7.022981 -0.091365 0.030980
5.915656 -0.090110 0.031517
5.920216 -0.090364 0.030811
6.374504 -0.089735 0.032558
7.111527 -0.089211 0.034013
7.229899 -0.089523 0.033146
6.788475 0.089408 0.033464
6.803418 0.089562 0.033039
6.702270 0.089918 0.032049
6.136804 0.089400 0.033488
6.520788 0.090168 0.031355
6.714757 0.092030 0.028970
6.951391 0.092489 0.027389
6.790881 0.092038 0.028942
6.424087 0.093022 0.025553
5.779341 0.092943 0.025825
6.323039 -0.092598 0.027013
6.514657 -0.092317 0.027980
6.173476 -0.092080 0.028795
6.995447 -0.092519 0.027285
6.845157 -0.093164 0.025066
6.905963 0.091420 0.027485
6.460552 0.090913 0.029231
7.217395 0.091634 0.026750
6.277714 0.092487 0.023813
5.780329 0.091911 0.025795
5.677092 -0.092391 0.024145
6.521340 -0.091191 0.028274
6.626340 -0.091511 0.027173
6.885060 -0.091931 0.025728
6.826336 -0.092183 0.024861
6.234702 -0.093959 0.021830
6.323276 -0.094067 0.021347
5.901208 -0.094422 0.019757
7.235532 -0.094174 0.020868
6.855026 -0.094481 0.019491
6.971646 0.094331 0.020163
6.662273 0.093700 0.022989
5.824348 0.093475 0.023994
6.371492 0.094329 0.020173
6.187603 0.094421 0.019760
6.254189 -0.093055 0.021291
5.763848 -0.093631 0.018713
6.070039 -0.092830 0.022296
6.405347 -0.093458 0.019489
6.135069 -0.093698 0.018416
6.669681 0.092884 0.022055
5.957949 0.092561 0.023499
6.095615 0.092806 0.022404
5.672645 0.093545 0.019098
5.756261 0.093051 0.021309
6.964101 0.095264 0.015132
6.830120 0.094872 0.017606
6.525160 0.095267 0.015108
5.934804 0.095599 0.013017
5.773046 0.095055 0.016448
5.676588 -0.095591 0.013062
5.842747 -0.095539 0.013396
5.880203 -0.095082 0.016275
6.790315 -0.095115 0.016070
5.896939 -0.095732 0.012177
7.292736 0.094295 0.014861
6.876425 0.093852 0.017654
7.282631 0.094637 0.012700
6.502843 0.094587 0.013013
6.582483 0.094744 0.012026
6.747146 -0.093881 0.017475
5.941042 -0.094464 0.013789
6.840653 -0.093918 0.017240
6.354628 -0.094484 0.013662
6.938526 -0.094206 0.015418
6.279069 0.095906 0.010390
6.337200 0.095885 0.010608
7.187984 0.096043 0.008941
6.183972 0.096145 0.007860
6.145433 0.096099 0.008345
6.474549 -0.095886 0.010596
6.612403 -0.095782 0.011703
5.682047 -0.095795 0.011562
7.177689 -0.095816 0.011340
6.033914 -0.096208 0.007193
6.440152 0.094922 0.010176
7.078763 0.095001 0.009338
6.268369 0.094859 0.010842
6.199988 0.095195 0.007289
5.979246 0.094956 0.009820
6.013832 -0.095015 0.009193
5.764286 -0.095258 0.006617
5.883286 -0.094834 0.011107
6.277044 -0.095170 0.007550
6.479394 -0.095103 0.008258
5.929378 -0.096401 0.003315
6.620334 -0.096331 0.005566
6.609064 -0.096378 0.004065
7.031023 -0.096350 0.004942
6.952083 -0.096357 0.004741
6.616284 0.096393 0.003581
7.305039 0.096504 0.000061
7.280994 0.096333 0.005494
5.877998 0.096453 0.001678
6.449169 0.096407 0.003133
6.239176 -0.095342 0.005194
5.682904 -0.095354 0.004836
5.744620 -0.095400 0.003371
7.118175 -0.095450 0.001759
6.093835 -0.095485 0.000652
6.405477 0.095338 0.005336
7.106356 0.095320 0.005891
6.798994 0.095436 0.002201
6.824469 0.095483 0.000717
6.312550 0.095505 0.000010
6.777750 0.096504 -0.000049
7.022665 0.096436 -0.002205
7.203973 0.096478 -0.000889
5.866710 0.096405 -0.003203
5.798581 0.096408 -0.003102
6.784267 0.095412 -0.002967
6.590991 0.095484 -0.000673
6.144591 0.095452 -0.001695
6.240228 0.095402 -0.003286
5.986015 0.095379 -0.004036
6.351569 -0.095501 -0.000137
6.532333 -0.095472 -0.001079
6.987728 -0.095355 -0.004791
6.786152 -0.095342 -0.005192
6.978978 -0.095395 -0.003510
6.370408 -0.096484 -0.000676
5.826707 -0.096490 -0.000490
7.236495 -0.096343 -0.005155
7.106126 -0.096414 -0.002898
7.234705 -0.096379 -0.004021
6.536811 0.095109 -0.008198
6.877952 0.095288 -0.006305
5.827453 0.095216 -0.007065
6.560179 0.094867 -0.010755
5.858689 0.094926 -0.010133
7.026202 -0.095283 -0.006362
6.047361 -0.094949 -0.009891
7.296671 -0.094891 -0.010509
6.562307 -0.094948 -0.009899
5.897512 -0.094798 -0.011493
5.995295 0.096279 -0.006437
5.917557 0.096261 -0.006634
5.885698 0.095941 -0.010016
6.106797 0.095926 -0.010180
5.839082 0.095771 -0.011814
6.095390 -0.096147 -0.007839
6.258091 -0.095950 -0.009917
6.664575 -0.095901 -0.010436
6.367387 -0.095983 -0.009570
6.334058 -0.095942 -0.010005
6.101865 0.094705 -0.012267
6.221644 0.094517 -0.013454
6.316653 0.094187 -0.015540
6.405683 0.093819 -0.017865
6.222876 0.094176 -0.015609
6.911224 -0.094614 -0.012845
6.324253 -0.094548 -0.013259
7.068340 -0.094244 -0.015179
6.184119 -0.094065 -0.016311
6.809763 -0.094420 -0.014069
7.067484 0.095238 -0.015295
6.405511 0.095591 -0.013062
6.162758 0.094836 -0.017832
6.172333 0.095399 -0.014279
5.701465 0.094912 -0.017350
6.436346 -0.095696 -0.012399
5.975227 -0.095229 -0.015348
6.827344 -0.095237 -0.015300
6.917113 -0.094990 -0.016856
6.654901 -0.095166 -0.015748
6.683721 0.093292 -0.020231
7.118252 0.092697 -0.022894
5.813082 0.093274 -0.020311
6.571241 0.092962 -0.021707
6.893055 0.092755 -0.022632
6.239915 -0.093381 -0.019832
6.395101 -0.093683 -0.018483
7.143554 -0.093302 -0.020186
6.888497 -0.093260 -0.020374
6.494400 -0.092956 -0.021732
6.691230 0.094095 -0.021221
6.841826 0.094349 -0.020082
5.900824 0.094456 -0.019604
6.375314 0.094223 -0.020649
6.098177 0.094447 -0.019644
6.027291 -0.094122 -0.021099
5.727050 -0.094296 -0.020319
6.551922 -0.093517 -0.023806
6.700445 -0.094207 -0.020718
6.475094 -0.093501 -0.023879
6.086596 -0.091287 -0.027944
5.782859 -0.091305 -0.027882
7.084186 -0.091670 -0.026626
6.472787 -0.091290 -0.027934
6.989322 -0.092063 -0.025274
6.565958 0.091926 -0.025743
7.049223 0.092022 -0.025413
6.171802 0.091237 -0.028117
5.710800 0.091893 -0.025856
7.103280 0.090889 -0.029315
5.683577 -0.092439 -0.027563
6.667590 -0.093208 -0.024913
6.741455 -0.091787 -0.029804
6.979513 -0.091912 -0.029374
7.235072 -0.091873 -0.029511
6.506661 0.093463 -0.024037
6.622682 0.093262 -0.024729
6.250508 0.092541 -0.027211
5.877597 0.092234 -0.028268
5.848871 0.091871 -0.029517
7.229370 0.089139 -0.034214
6.561019 0.090348 -0.030856
5.775816 0.089811 -0.032345
6.227355 0.089471 -0.033290
6.203554 0.088820 -0.035099
6.386622 -0.090308 -0.030966
6.257489 -0.090827 -0.029523
6.955679 -0.088832 -0.035066
6.822043 -0.090176 -0.031333
6.596374 -0.089943 -0.031979
7.231002 0.090426 -0.033590
6.982497 0.091116 -0.031672
6.348701 0.090062 -0.034601
6.788455 0.090284 -0.033985
7.118697 0.089942 -0.034933
5.707545 -0.091643 -0.030210
6.490613 -0.091729 -0.029970
7.155440 -0.091494 -0.030622
6.836990 -0.090418 -0.033611
7.069875 -0.090760 -0.032662
6.709536 0.087882 -0.037277
6.751366 0.088598 -0.035621
5.958844 0.087819 -0.037421
6.880457 0.086675 -0.040066
5.709612 0.088440 -0.035987
6.234919 -0.088028 -0.036940
6.291394 -0.088316 -0.036272
7.046976 -0.086596 -0.040249
6.158922 -0.086934 -0.039467
6.946189 -0.086641 -0.040145
6.845454 0.089678 -0.035643
6.378246 0.089534 -0.035977
6.278067 0.087350 -0.041022
5.709315 0.087692 -0.040233
6.527842 0.088018 -0.039479
5.853787 -0.088037 -0.039434
5.692356 -0.087581 -0.040488
7.190206 -0.089355 -0.036389
7.027096 -0.088082 -0.039330
6.126437 -0.087939 -0.039661
6.937213 0.085381 -0.042695
7.305214 0.086034 -0.041414
5.768208 0.085482 -0.042498
5.787251 0.085548 -0.042368
5.728320 0.085809 -0.041856
5.896946 -0.084081 -0.045247
6.187718 -0.084754 -0.043926
6.775662 -0.084160 -0.045092
6.987142 -0.084799 -0.043837
6.875943 -0.085404 -0.042651
7.234911 0.084787 -0.046062
6.550515 0.086803 -0.042107
5.861930 0.084633 -0.046365
6.162696 0.084883 -0.045875
6.135235 0.085433 -0.044795
5.734465 -0.086741 -0.042229
7.126685 -0.087227 -0.041273
5.907689 -0.084710 -0.046215
7.303940 -0.085515 -0.044634
7.025902 -0.085650 -0.044370
6.123751 -0.081918 -0.049010
6.832582 -0.083607 -0.046154
6.846235 -0.082080 -0.048736
7.286392 -0.081638 -0.049483
6.760580 -0.082301 -0.048362
6.124367 0.083313 -0.046651
7.159038 0.081589 -0.049566
5.670689 0.080832 -0.050847
5.973427 0.081493 -0.049729
5.685060 0.081661 -0.049444
6.703396 -0.084451 -0.046691
6.139670 -0.084109 -0.047269
6.373570 -0.081705 -0.051333
6.637066 -0.082562 -0.049884
6.690357 -0.083313 -0.048615
7.082846 0.082281 -0.050360
6.365363 0.083684 -0.047987
6.360845 0.082496 -0.049995
5.714670 0.084243 -0.047042
6.194236 0.083086 -0.048999
6.334830 -0.079735 -0.052503
5.813933 -0.079489 -0.052865
6.068016 -0.077366 -0.055989
6.479194 -0.078448 -0.054397
6.636562 -0.078887 -0.053751
7.177739 0.078439 -0.054409
6.778726 0.080283 -0.051697
6.780719 0.077812 -0.055333
6.620140 0.077670 -0.055542
6.373712 0.078533 -0.054271
5.799053 -0.078995 -0.055370
5.872722 -0.080140 -0.053685
6.572291 -0.078601 -0.055950
6.823026 -0.079773 -0.054226
6.387449 -0.079400 -0.054775
6.107673 0.081449 -0.051760
6.350170 0.080183 -0.053622
5.961270 0.078327 -0.056353
6.000399 0.080481 -0.053183
5.867116 0.078610 -0.055937
6.268056 0.076599 -0.056996
6.836043 0.075577 -0.058314
5.916754 0.074004 -0.060342
5.688053 0.074264 -0.060006
6.482975 0.074616 -0.059552
5.670309 -0.076710 -0.056853
6.368186 -0.076738 -0.056817
7.067365 -0.076060 -0.057691
6.779010 -0.075714 -0.058138
6.882219 -0.075454 -0.058472
6.904697 0.077360 -0.057646
7.123118 0.076274 -0.059045
5.781522 0.075056 -0.060616
6.425046 0.076033 -0.059356
7.141346 0.074528 -0.061297
5.815664 -0.075108 -0.060550
5.790313 -0.075158 -0.060485
6.694852 -0.074671 -0.061113
7.127706 -0.076704 -0.058492
6.239806 -0.074994 -0.060696
7.225071 0.070214 -0.064705
7.008200 0.070785 -0.064057
6.139623 0.070588 -0.064281
6.972023 0.070152 -0.064775
6.602398 0.070921 -0.063903
6.435605 -0.071559 -0.063179
5.834403 -0.072637 -0.061957
6.550987 -0.069919 -0.065039
7.046003 -0.070253 -0.064661
7.022510 -0.069873 -0.065092
6.072807 0.073928 -0.062003
6.559833 0.072349 -0.063795
6.513308 0.071243 -0.065049
5.892875 0.073374 -0.062632
5.934443 0.070459 -0.065938
6.662458 -0.073725 -0.062234
6.495887 -0.072486 -0.063639
7.111520 -0.072055 -0.064128
6.779029 -0.072292 -0.063859
7.155930 -0.073379 -0.062626
6.550591 0.067514 -0.067485
6.676986 0.068181 -0.066817
6.561010 0.065410 -0.069589
6.261624 0.067627 -0.067372
5.904615 0.067857 -0.067142
5.855351 -0.069041 -0.065958
7.116462 -0.069183 -0.065815
7.002126 -0.066227 -0.068771
6.096374 -0.066447 -0.068551
6.478952 -0.067329 -0.067669
6.221137 0.069734 -0.066678
6.655144 0.067820 -0.068592
6.709652 0.067543 -0.068869
6.295142 0.067607 -0.068805
6.591405 0.066247 -0.070165
6.245888 -0.069980 -0.066432
6.059921 -0.070171 -0.066241
6.714197 -0.067154 -0.069258
6.673807 -0.067571 -0.068841
7.251078 -0.068070 -0.068342
6.685465 0.064538 -0.070361
6.317292 0.064749 -0.070175
5.979433 0.063781 -0.071029
7.211485 0.060979 -0.073499
6.182901 0.061730 -0.072837
6.411164 -0.063775 -0.071034
6.070514 -0.062852 -0.071848
6.639725 -0.060996 -0.073484
6.651326 -0.062861 -0.071839
6.973560 -0.060986 -0.073492
7.112727 0.065774 -0.070604
7.296386 0.064266 -0.071933
6.168209 0.061866 -0.074049
6.389987 0.063479 -0.072628
6.489918 0.063083 -0.072976
6.449375 -0.065429 -0.070908
6.261628 -0.064425 -0.071793
7.159794 -0.065014 -0.071274
6.430346 -0.061642 -0.074247
6.147433 -0.061795 -0.074112
6.751927 -0.059361 -0.074765
6.040055 -0.058717 -0.075264
7.282042 -0.058852 -0.075160
7.276922 -0.058232 -0.075640
7.244011 -0.057746 -0.076017
7.293933 0.056354 -0.077097
6.670238 0.058485 -0.075444
6.991430 0.056625 -0.076887
6.895681 0.056405 -0.077057
6.794943 0.057026 -0.076576
5.684019 -0.057710 -0.077311
5.836900 -0.060730 -0.074967
7.209732 -0.060437 -0.075195
6.530945 -0.057279 -0.077645
6.690888 -0.057771 -0.077263
7.043217 0.058636 -0.076592
6.566793 0.059020 -0.076294
6.675884 0.056969 -0.077885
6.767669 0.057116 -0.077771
5.889842 0.060176 -0.075397
6.080759 -0.053018 -0.079385
6.367341 -0.053576 -0.079006
7.304889 0.054423 -0.078430
6.837405 0.053770 -0.078874
6.974929 0.055539 -0.077672
5.736203 0.053098 -0.079330
6.255597 0.051538 -0.080391
5.953515 -0.051364 -0.080509
6.855878 -0.051798 -0.080214
6.815225 -0.054642 -0.078282
7.235711 0.055185 -0.079121
6.224299 0.056684 -0.078102
6.389310 0.054126 -0.079841
5.854559 0.055579 -0.078853
5.692079 0.056547 -0.078196
6.345842 -0.055262 -0.079068
6.041407 -0.055122 -0.079164
6.934254 -0.055212 -0.079103
7.201860 -0.052834 -0.080719
6.891223 -0.054781 -0.079395
7.280894 0.047017 -0.083097
6.639117 0.049951 -0.081362
5.797515 0.049674 -0.081525
5.929692 0.046639 -0.083320
6.731820 0.046073 -0.083655
5.800177 -0.050087 -0.081281
6.459082 -0.050511 -0.081031
6.488327 -0.046836 -0.083204
7.178765 -0.046133 -0.083619
7.034311 -0.046985 -0.083116
6.291315 0.050498 -0.082199
6.502017 0.049998 -0.082495
6.532127 0.048455 -0.083408
6.109275 0.046812 -0.084379
5.829193 0.048308 -0.083495
6.870141 -0.050540 -0.082174
5.758185 -0.049730 -0.082653
6.540122 -0.049069 -0.083044
6.228311 -0.047538 -0.083950
6.758037 -0.049555 -0.082757
7.214068 0.042168 -0.085650
7.115442 0.041876 -0.085798
6.523578 0.043003 -0.085224
6.555269 0.042708 -0.085375
5.878435 0.044248 -0.084590
6.192022 -0.044741 -0.084339
6.545157 -0.044297 -0.084565
5.770938 -0.040733 -0.086381
7.188340 -0.042463 -0.085499
6.959078 -0.041420 -0.086031
7.034836 0.042268 -0.086721
6.717010 0.045015 -0.085321
5.719896 0.041435 -0.087145
5.923881 0.044399 -0.085635
6.275203 0.043012 -0.086341
5.705820 -0.046444 -0.084593
6.208728 -0.046350 -0.084641
6.554939 -0.041386 -0.087170
6.755065 -0.044659 -0.085502
6.664109 -0.041610 -0.087056
6.191057 0.040524 -0.086477
7.293391 0.035719 -0.088556
5.686980 0.038367 -0.087410
5.794209 0.036376 -0.088272
5.816258 0.035516 -0.088644
7.016491 -0.039850 -0.086768
6.881983 -0.040531 -0.086474
7.112358 -0.037929 -0.087599
7.057882 -0.037151 -0.087936
6.977279 -0.035685 -0.088571
7.077889 0.037233 -0.088990
6.401309 0.039683 -0.087930
6.729567 0.036463 -0.089323
6.602848 0.036062 -0.089497
6.101733 0.037461 -0.088891
6.012283 -0.037125 -0.089037
6.731654 -0.040979 -0.087369
6.320993 -0.036864 -0.089149
6.991196 -0.038957 -0.088244
6.463027 -0.038040 -0.088641
6.117204 -0.035023 -0.088847
5.861088 -0.031419 -0.090145
6.175675 -0.030695 -0.090405
7.209026 -0.029564 -0.090813
7.264371 -0.034386 -0.089077
6.710243 0.033761 -0.089302
6.649257 0.032994 -0.089578
6.115183 0.033086 -0.089545
6.897383 0.030121 -0.090612
7.128490 0.029586 -0.090805
5.862106 -0.031493 -0.091181
5.950451 -0.032672 -0.090756
6.527451 -0.031548 -0.091161
7.059334 -0.029951 -0.091736
7.259903 -0.034845 -0.089974
6.710485 0.035125 -0.089873
7.040607 0.032412 -0.090850
6.460629 0.030489 -0.091542
5.710312 0.031643 -0.091126
6.999383 0.030763 -0.091443
5.998555 -0.025507 -0.091995
6.821298 -0.028145 -0.091228
7.296212 -0.024163 -0.092385
6.986575 -0.028092 -0.091244
7.143873 -0.027108 -0.091530
6.891891 0.028956 -0.090993
6.002770 0.029059 -0.090963
6.412226 0.024292 -0.092348
7.198666 0.024096 -0.092405
5.936546 0.024220 -0.092369
6.013130 -0.025320 -0.093090
6.112131 -0.027560 -0.092439
7.236829 -0.025053 -0.093168
7.182840 -0.027794 -0.092371
6.715220 -0.025695 -0.092981
6.107581 0.029064 -0.092002
7.081472 0.029663 -0.091828
6.174886 0.026064 -0.092874
5.868462 0.027740 -0.092387
6.891260 0.024704 -0.093269
5.734636 -0.022589 -0.092765
5.842968 -0.022661 -0.092749
6.738348 0.022983 -0.092677
6.909534 0.020073 -0.093327
6.139047 0.023285 -0.092609
6.966816 -0.019854 -0.093376
6.935084 -0.020239 -0.093290
6.148846 0.019570 -0.093440
5.915286 0.020074 -0.093327
5.789412 0.021349 -0.093042
6.182008 -0.022196 -0.093877
6.815758 -0.022960 -0.093706
6.305593 -0.018835 -0.094628
7.173417 -0.023388 -0.093610
7.290817 -0.019087 -0.094572
7.218794 0.021507 -0.094031
6.943232 0.023110 -0.093673
5.755302 0.018178 -0.094775
6.204511 0.020136 -0.094337
6.665102 0.018405 -0.094724
6.369068 -0.016097 -0.094099
6.132936 -0.017074 -0.093944
6.430712 0.017269 -0.093913
6.665433 0.015630 -0.094173
7.295601 0.015701 -0.094161
5.946639 0.013149 -0.094566
6.153436 0.012860 -0.094611
6.119513 -0.012592 -0.094654
7.295129 -0.015370 -0.094214
6.511936 -0.012046 -0.094740
7.017401 0.008632 -0.095068
6.303674 0.009997 -0.094939
7.012867 0.006384 -0.095280
6.904688 0.006517 -0.095268
5.998708 0.010101 -0.094929
5.758371 -0.011193 -0.094826
6.809032 -0.010232 -0.094917
6.329280 -0.006204 -0.095297
6.653471 -0.008397 -0.095090
7.002739 -0.008235 -0.095105
5.879832 -0.017468 -0.094894
6.021798 -0.015839 -0.095152
7.057314 -0.015758 -0.095164
7.086225 -0.015195 -0.095254
6.899034 -0.015014 -0.095282
6.661748 0.018013 -0.094807
5.825393 0.017886 -0.094827
6.140573 0.013041 -0.095595
6.235211 0.015271 -0.095242
6.055932 0.015515 -0.095203
6.450993 -0.003142 -0.095407
6.114757 -0.003705 -0.095389
6.770325 -0.001289 -0.095465
6.828092 -0.000117 -0.095502
6.693309 -0.000551 -0.095488
6.687256 0.003810 -0.095386
6.511642 0.005505 -0.095332
6.333000 0.002569 -0.095425
6.032735 0.003360 -0.095400
6.567239 0.000046 -0.095504
6.880604 0.011058 -0.095843
7.118581 0.011297 -0.095820
6.503892 0.006482 -0.096275
6.506757 0.008661 -0.096069
5.817728 0.006461 -0.096277
6.542698 -0.011785 -0.095774
6.610862 -0.009906 -0.095951
6.658721 -0.006200 -0.096302
6.096448 -0.006901 -0.096236
7.183928 -0.006370 -0.096286
6.066580 -0.003410 -0.096398
5.713766 -0.004333 -0.096369
6.694352 -0.002586 -0.096424
7.096799 -0.002288 -0.096434
7.275436 -0.000944 -0.096476
7.207409 0.005022 -0.096348
7.133235 0.002134 -0.096438
5.865377 0.005196 -0.096342
7.059705 0.000008 -0.096505
5.996185 0.002724 -0.096420
