-3.052998 -0.002155 -1.855880
-3.052953 -0.003583 -1.617104
-3.053022 -0.001380 -1.598612
-3.052995 0.002229 -1.567867
-3.053026 0.001258 -1.681684
-3.052939 0.004031 -1.869113
-3.052963 0.003258 -1.801245
-3.052925 0.004481 -1.588238
-3.052927 -0.004396 -1.572730
-3.052961 -0.003313 -1.416917
-3.052590 -0.009076 -1.698513
-3.052690 -0.008014 -1.525067
-3.052731 -0.007579 -1.813770
-3.052858 -0.006241 -1.221723
-3.052320 -0.011931 -1.282592
-3.052653 0.008408 -1.399544
-3.052555 0.009447 -1.403744
-3.052862 0.006199 -1.219681
-3.052394 0.011144 -1.822318
-3.052386 0.011233 -1.669365
-3.052127 0.013214 -1.230280
-3.051653 0.016207 -1.302996
-3.052093 0.013429 -1.425181
-3.051412 0.017730 -1.429848
-3.051561 0.016793 -1.394518
-3.052240 -0.012502 -1.616958
-3.051759 -0.015537 -1.774968
-3.052083 -0.013493 -1.568593
-3.051358 -0.018074 -1.677818
-3.051687 -0.015996 -1.324126
-3.052017 -0.001530 -1.890939
-3.052023 -0.001345 -1.590726
-3.052006 -0.001895 -1.682671
-3.051991 0.002378 -1.384507
-3.051948 0.003751 -1.462729
-3.051905 -0.005119 -1.480838
-3.051897 -0.005352 -1.296490
-3.051897 -0.005361 -1.519622
-3.051995 0.002236 -1.707536
-3.051893 0.005485 -1.608523
-3.051732 -0.007532 -1.558189
-3.051701 -0.007861 -1.659389
-3.051745 -0.007393 -1.456991
-3.051691 0.007963 -1.432340
-3.051779 0.007031 -1.662955
-3.051316 -0.011929 -1.714667
-3.051329 -0.011795 -1.269482
-3.051365 -0.011414 -1.444121
-3.051445 0.010564 -1.523706
-3.051652 0.008380 -1.704510
-3.051099 -0.019235 -1.854017
-3.051170 -0.018916 -1.797525
-3.051299 -0.018341 -1.685356
-3.050546 -0.021709 -1.266278
-3.050058 -0.023891 -1.259255
-3.050520 0.021823 -1.319245
-3.051097 0.019241 -1.708556
-3.050973 0.019795 -1.416956
-3.050487 0.021972 -1.681930
-3.050417 0.022286 -1.715525
-3.051203 0.012664 -1.276557
-3.050777 0.015349 -1.467107
-3.050535 0.016876 -1.299379
-3.050992 0.013990 -1.890363
-3.050586 0.016557 -1.888500
-3.051237 -0.012444 -1.630940
-3.050942 -0.014309 -1.546066
-3.051172 -0.012854 -1.793473
-3.050540 -0.016846 -1.239170
-3.051091 -0.013371 -1.210135
-3.050164 -0.018835 -1.628371
-3.049182 -0.023230 -1.836211
-3.049968 -0.019714 -1.611417
-3.049154 -0.023353 -1.514227
-3.049135 -0.023437 -1.728064
-3.050205 0.018653 -1.612953
-3.049715 0.020842 -1.407297
-3.049904 0.019997 -1.515815
-3.049490 0.021849 -1.696154
-3.049788 0.020519 -1.876855
-3.049744 0.024996 -1.456438
-3.049918 0.024397 -1.563273
-3.049573 0.025585 -1.557478
-3.048598 0.028940 -1.833634
-3.048553 0.029098 -1.620509
-3.049585 -0.025545 -1.573712
-3.049581 -0.025558 -1.613573
-3.049616 -0.025438 -1.639857
-3.049712 -0.025107 -1.234876
-3.049262 -0.026655 -1.264399
-3.047789 0.028142 -1.307641
-3.048825 0.024578 -1.295757
-3.048436 0.025915 -1.483702
-3.048022 0.027342 -1.703199
-3.048055 0.027229 -1.860560
-3.048506 -0.025677 -1.637397
-3.048495 -0.025713 -1.636593
-3.048351 -0.026209 -1.591177
-3.048208 -0.026702 -1.444053
-3.047982 -0.027478 -1.223788
-3.048298 0.029944 -1.496479
-3.047664 0.031704 -1.457829
-3.047875 0.031119 -1.640980
-3.046597 0.034669 -1.574073
-3.047874 0.031123 -1.858360
-3.047671 -0.031687 -1.665844
-3.048212 -0.030184 -1.712731
-3.047400 -0.032438 -1.602529
-3.046301 -0.035491 -1.378890
-3.047385 -0.032481 -1.241151
-3.046434 -0.032171 -1.792174
-3.047187 -0.030081 -1.296615
-3.045709 -0.034185 -1.863810
-3.046418 -0.032217 -1.386124
-3.046088 -0.033133 -1.307724
-3.046459 0.032102 -1.485288
-3.046908 0.030855 -1.519006
-3.047244 0.029922 -1.762727
-3.046216 0.032778 -1.603797
-3.045647 0.034357 -1.812723
-3.044481 -0.039702 -1.864567
-3.045997 -0.036201 -1.351563
-3.045816 -0.036619 -1.648806
-3.044689 -0.039221 -1.530046
-3.044196 -0.040362 -1.342825
-3.045055 0.038376 -1.229069
-3.046092 0.035981 -1.425046
-3.045041 0.038409 -1.422276
-3.044293 0.040138 -1.688863
-3.045058 0.038369 -1.743633
-3.044429 0.037306 -1.548243
-3.045105 0.035744 -1.593764
-3.044605 0.036900 -1.336273
-3.043513 0.039424 -1.753192
-3.043465 0.039535 -1.654329
-3.045001 -0.035984 -1.529125
-3.044242 -0.037739 -1.557902
-3.044454 -0.037249 -1.747108
-3.044579 -0.036960 -1.364792
-3.043717 -0.038951 -1.324875
-3.043471 0.041894 -1.224557
-3.042951 0.042914 -1.367354
-3.042260 0.044271 -1.384564
-3.043039 0.042742 -1.682859
-3.043348 0.042136 -1.871612
-3.041708 -0.045355 -1.843794
-3.043241 -0.042345 -1.789244
-3.043790 -0.041268 -1.420250
-3.041998 -0.044785 -1.520553
-3.042151 -0.044484 -1.471977
-3.042680 0.041246 -1.275607
-3.042332 0.041929 -1.237586
-3.042681 0.041244 -1.788808
-3.041853 0.042869 -1.776142
-3.042271 0.042049 -1.747974
-3.042588 -0.041425 -1.816565
-3.041798 -0.042976 -1.527622
-3.040752 -0.045030 -1.881824
-3.041001 -0.044541 -1.358780
-3.041621 -0.043323 -1.288657
-3.038833 -0.050374 -1.829888
-3.041044 -0.046635 -1.275011
-3.038784 -0.050455 -1.732336
-3.039160 -0.049821 -1.256764
-3.039073 -0.049968 -1.552770
-3.039915 0.048544 -1.217085
-3.040725 0.047174 -1.222708
-3.040851 0.046961 -1.542119
-3.038366 0.051163 -1.611674
-3.038897 0.050264 -1.554139
-3.039334 -0.047563 -1.595458
-3.039797 -0.046780 -1.740439
-3.039988 -0.046456 -1.391249
-3.037220 -0.051136 -1.554442
-3.038043 -0.049745 -1.317843
-3.038717 0.048607 -1.303326
-3.039778 0.046812 -1.373968
-3.037417 0.050804 -1.246877
-3.039327 0.047574 -1.769157
-3.039688 0.046965 -1.792289
-3.035623 0.055270 -1.292712
-3.037646 0.052294 -1.753499
-3.036642 0.053770 -1.313845
-3.036694 0.053694 -1.673072
-3.034964 0.056240 -1.834203
-3.037466 -0.052559 -1.412327
-3.036917 -0.053366 -1.584096
-3.036837 -0.053483 -1.763239
-3.035161 -0.055949 -1.499073
-3.034835 -0.056430 -1.467011
-3.035695 0.053386 -1.570144
-3.036924 0.051577 -1.589843
-3.034081 0.055760 -1.248914
-3.034816 0.054679 -1.801903
-3.035251 0.054039 -1.740852
-3.035291 -0.053980 -1.816402
-3.034025 -0.055843 -1.861934
-3.036162 -0.052699 -1.575552
-3.034812 -0.054685 -1.324896
-3.035176 -0.054150 -1.420625
-3.034575 0.056801 -1.732904
-3.033621 0.058031 -1.502636
-3.033676 0.057960 -1.577116
-3.032002 0.060118 -1.605962
-3.034327 0.057121 -1.834940
-3.033249 -0.058511 -1.749101
-3.034204 -0.057280 -1.637041
-3.033446 -0.058257 -1.553052
-3.033736 -0.057883 -1.242254
-3.033657 -0.057984 -1.355851
-3.033284 0.056835 -1.427499
-3.032982 0.057224 -1.345540
-3.033079 0.057099 -1.274892
-3.030802 0.060035 -1.646286
-3.031691 0.058889 -1.528184
-3.032682 -0.057611 -1.692072
-3.033376 -0.056716 -1.862433
-3.033139 -0.057022 -1.758548
-3.032721 -0.057560 -1.322473
-3.030646 -0.060236 -1.324790
-3.030117 0.062425 -1.720944
-3.029528 0.063093 -1.440112
-3.029278 0.063376 -1.590171
-3.028216 0.064581 -1.872287
-3.027916 0.064921 -1.745395
-3.028578 -0.064170 -1.786655
-3.030520 -0.061968 -1.632706
-3.029853 -0.062724 -1.600677
-3.028677 -0.064057 -1.443753
-3.028383 -0.064391 -1.281138
-3.027500 0.063881 -1.383402
-3.029291 0.061850 -1.468073
-3.030067 0.060970 -1.610938
-3.027534 0.063843 -1.625201
-3.029155 0.062004 -1.743582
-3.028773 -0.062437 -1.596415
-3.027660 -0.063700 -1.800810
-3.026669 -0.064824 -1.852251
-3.026801 -0.064674 -1.621852
-3.028500 -0.062747 -1.295337
-3.026528 0.066444 -1.236256
-3.025337 0.067635 -1.586457
-3.025106 0.067866 -1.257034
-3.023286 0.069686 -1.537798
-3.024505 0.068468 -1.693431
-3.025951 -0.067022 -1.478349
-3.026666 -0.066306 -1.295637
-3.026464 -0.066509 -1.741871
-3.023447 -0.069525 -1.341594
-3.025182 -0.067790 -1.426295
-3.024659 0.066899 -1.366280
-3.025408 0.066151 -1.677206
-3.025247 0.066311 -1.423299
-3.022005 0.069553 -1.384971
-3.023736 0.067822 -1.866588
-3.023211 -0.068348 -1.849562
-3.026024 -0.065535 -1.816231
-3.025688 -0.065870 -1.683617
-3.022865 -0.068693 -1.529433
-3.024504 -0.067055 -1.313429
-3.022458 -0.070495 -1.308289
-3.021216 -0.071590 -1.434044
-3.022113 -0.070799 -1.695804
-3.021783 -0.071090 -1.291930
-3.019041 -0.073507 -1.538416
-3.022090 0.070819 -1.331959
-3.020439 0.072275 -1.537457
-3.022393 0.070551 -1.537584
-3.018468 0.074012 -1.334912
-3.018880 0.073649 -1.530599
-3.019178 -0.072054 -1.750060
-3.021905 -0.069650 -1.502989
-3.021494 -0.070012 -1.701640
-3.018060 -0.073039 -1.492987
-3.019644 -0.071643 -1.302708
-3.021739 0.069796 -1.743694
-3.019277 0.071967 -1.242603
-3.020289 0.071074 -1.625511
-3.019414 0.071846 -1.689952
-3.019521 0.071751 -1.667302
-3.015224 -0.076570 -1.785144
-3.017361 -0.074913 -1.831255
-3.016538 -0.075551 -1.558158
-3.016340 -0.075704 -1.329030
-3.013586 -0.077841 -1.789291
-3.016989 0.075201 -1.230185
-3.017790 0.074580 -1.418621
-3.017683 0.074663 -1.674322
-3.014465 0.077159 -1.684454
-3.014387 0.077220 -1.485095
-3.015684 -0.074949 -1.593362
-3.014519 -0.075852 -1.791397
-3.015383 -0.075182 -1.772139
-3.014120 -0.076161 -1.508837
-3.014039 -0.076224 -1.315595
-3.015903 0.074778 -1.587479
-3.017366 0.073643 -1.528198
-3.015959 0.074735 -1.210092
-3.013347 0.076761 -1.475698
-3.015633 0.074988 -1.728426
-3.012098 0.078881 -1.383173
-3.011373 0.079374 -1.597941
-3.012910 0.078329 -1.350906
-3.011410 0.079348 -1.702990
-3.010424 0.080019 -1.503566
-3.012270 -0.078764 -1.443859
-3.011472 -0.079306 -1.825634
-3.011186 -0.079501 -1.837255
-3.010107 -0.080234 -1.614763
-3.010875 -0.079712 -1.345938
-3.011241 0.078255 -1.457526
-3.010863 0.078512 -1.266801
-3.008184 0.080332 -1.265406
-3.010237 0.078937 -1.804305
-3.008030 0.080437 -1.555646
-3.009827 -0.079216 -1.783569
-3.012180 -0.077617 -1.548814
-3.010979 -0.078433 -1.819262
-3.010117 -0.079019 -1.231800
-3.009086 -0.079719 -1.348609
-3.005995 -0.082828 -1.816252
-3.006712 -0.082404 -1.599402
-3.006410 -0.082582 -1.610865
-3.004944 -0.083449 -1.626644
-3.005688 -0.083010 -1.397454
-3.007114 0.082166 -1.403180
-3.007514 0.081929 -1.632233
-3.007021 0.082221 -1.482200
-3.005205 0.083295 -1.776932
-3.004825 0.083520 -1.516790
-3.005572 -0.081917 -1.644028
-3.005638 -0.081878 -1.621805
-3.007487 -0.080784 -1.750833
-3.004239 -0.082705 -1.412746
-3.004673 -0.082449 -1.560896
-3.005004 0.082253 -1.429060
-3.007529 0.080759 -1.218387
-3.006063 0.081627 -1.252582
-3.006255 0.081513 -1.837751
-3.006244 0.081520 -1.765824
-3.002099 -0.085054 -1.374544
-3.001144 -0.085541 -1.810644
-2.998923 -0.086672 -1.737437
-2.997789 -0.087250 -1.522349
-2.999067 -0.086599 -1.214542
-3.001186 0.085519 -1.539455
-2.999389 0.086435 -1.254938
-3.002373 0.084914 -1.408040
-2.999371 0.086444 -1.608169
-2.998481 0.086897 -1.669855
-2.999530 -0.085241 -1.720692
-3.002106 -0.083928 -1.304753
-3.000865 -0.084561 -1.666516
-2.998764 -0.085631 -1.346601
-3.000373 -0.084812 -1.344045
-3.002059 0.083952 -1.535450
-3.002292 0.083834 -1.557227
-3.002518 0.083719 -1.301954
-2.997510 0.086270 -1.592182
-3.001254 0.084363 -1.826102
-2.994419 -0.088719 -1.669219
-2.995253 -0.088358 -1.716989
-2.994253 -0.088791 -1.663597
-2.992977 -0.089343 -1.764148
-2.995086 -0.088430 -1.457960
-2.997568 0.087356 -1.366175
-2.996765 0.087704 -1.655372
-2.995142 0.088406 -1.474514
-2.996334 0.087890 -1.870553
-2.992132 0.089709 -1.707097
-2.993878 -0.087864 -1.637195
-2.996717 -0.086635 -1.854156
-2.992416 -0.088497 -1.843020
-2.992377 -0.088513 -1.406858
-2.992929 -0.088275 -1.574513
-2.994128 0.087756 -1.233795
-2.994805 0.087463 -1.221237
-2.996121 0.086893 -1.285681
-2.993042 0.088226 -1.753449
-2.992416 0.088497 -1.600027
-2.989475 0.090668 -1.461002
-2.990147 0.090427 -1.510505
-2.990877 0.090164 -1.499561
-2.990784 0.090197 -1.833034
-2.987390 0.091419 -1.611092
-2.990816 -0.090186 -1.860708
-2.988083 -0.091170 -1.832169
-2.992059 -0.089738 -1.744686
-2.988349 -0.091074 -1.637958
-2.986845 -0.091616 -1.236298
-2.990651 -0.089183 -1.428957
-2.988712 -0.089881 -1.831250
-2.990051 -0.089399 -1.546411
-2.987360 -0.090368 -1.362020
-2.987258 -0.090404 -1.450283
-2.990937 0.089080 -1.791773
-2.990508 0.089234 -1.373248
-2.990261 0.089323 -1.376881
-2.989663 0.089539 -1.652372
-2.986206 0.090783 -1.361143
-2.985590 0.092012 -1.349902
-2.985199 0.092126 -1.482333
-2.985042 0.092171 -1.454595
-2.982688 0.092855 -1.846827
-2.983762 0.092543 -1.751252
-2.982574 -0.092888 -1.702202
-2.985208 -0.092123 -1.712322
-2.983801 -0.092532 -1.666435
-2.980608 -0.093460 -1.814249
-2.980981 -0.093351 -1.770395
-2.982875 0.091760 -1.225964
-2.984391 0.091320 -1.491304
-2.985528 0.090990 -1.385862
-2.982586 0.091844 -1.605194
-2.982173 0.091964 -1.494590
-2.982754 -0.091795 -1.827009
-2.985635 -0.090958 -1.828665
-2.981126 -0.092268 -1.808634
-2.984273 -0.091354 -1.383039
-2.984925 -0.091165 -1.291277
-2.978346 -0.093968 -1.503266
-2.980472 -0.093493 -1.800309
-2.979271 -0.093762 -1.484675
-2.974779 -0.094766 -1.808175
-2.978450 -0.093945 -1.422315
-2.980057 0.093586 -1.569485
-2.979777 0.093649 -1.707995
-2.979658 0.093675 -1.558792
-2.976871 0.094298 -1.823458
-2.974697 0.094784 -1.614862
-2.979118 -0.092772 -1.574039
-2.979085 -0.092779 -1.540114
-2.980292 -0.092509 -1.870531
-2.974746 -0.093749 -1.533556
-2.975414 -0.093600 -1.640897
-2.979567 0.092671 -1.387061
-2.975984 0.093472 -1.353450
-2.975631 0.093551 -1.218926
-2.975510 0.093578 -1.475903
-2.975485 0.093584 -1.525783
-2.973340 0.095003 -1.651937
-2.971099 0.095357 -1.290622
-2.974097 0.094883 -1.508904
-2.970839 0.095399 -1.672376
-2.969593 0.095596 -1.636941
-2.973530 -0.094972 -1.389784
-2.972994 -0.095057 -1.497245
-2.971922 -0.095227 -1.860461
-2.968863 -0.095712 -1.824283
-2.972375 -0.095155 -1.445175
-2.973528 0.093961 -1.331203
-2.973847 0.093910 -1.360791
-2.972463 0.094129 -1.249004
-2.971416 0.094295 -1.820224
-2.969368 0.094620 -1.434169
-2.974415 -0.093820 -1.299735
-2.974301 -0.093838 -1.868110
-2.973254 -0.094004 -1.844211
-2.973634 -0.093944 -1.226877
-2.968531 -0.094752 -1.633390
-2.965423 0.096050 -1.388693
-2.963565 0.096226 -1.229864
-2.963768 0.096207 -1.332527
-2.962693 0.096308 -1.281327
-2.963392 0.096242 -1.601694
-2.967691 -0.095836 -1.722496
-2.967549 -0.095849 -1.476149
-2.964652 -0.096123 -1.670150
-2.963081 -0.096272 -1.715106
-2.962741 -0.096304 -1.592469
-2.964772 0.095108 -1.316583
-2.965938 0.094997 -1.222173
-2.965374 0.095051 -1.292891
-2.967398 0.094859 -1.804158
-2.965507 0.095038 -1.679239
-2.963664 -0.095212 -1.823468
-2.966490 -0.094945 -1.652956
-2.966645 -0.094931 -1.880922
-2.963622 -0.095216 -1.399366
-2.963212 -0.095255 -1.600216
-2.962160 -0.096330 -1.870963
-2.960465 -0.096383 -1.838345
-2.959807 -0.096403 -1.744450
-2.957006 -0.096491 -1.251088
-2.961024 -0.096365 -1.276157
-2.960805 0.096372 -1.408022
-2.962447 0.096320 -1.242107
-2.961755 0.096342 -1.321930
-2.959009 0.096429 -1.521418
-2.957230 0.096484 -1.783384
-2.961531 -0.095349 -1.885469
-2.960629 -0.095378 -1.697083
-2.959549 -0.095412 -1.602219
-2.957323 -0.095482 -1.610259
-2.957936 -0.095462 -1.431470
-2.961577 0.095348 -1.747957
-2.958265 0.095452 -1.328023
-2.961886 0.095338 -1.573120
-2.956802 0.095498 -1.260786
-2.957563 0.095474 -1.788049
-2.951521 0.096347 -1.219989
-2.954282 0.096434 -1.415948
-2.956325 0.096498 -1.252746
-2.950838 0.096326 -1.587791
-2.951171 0.096336 -1.768943
-2.955411 0.095469 -1.273524
-2.952396 0.095375 -1.317120
-2.955337 0.095467 -1.738590
-2.953018 0.095394 -1.762787
-2.951919 0.095360 -1.494656
-2.955361 -0.095468 -1.825155
-2.953793 -0.095419 -1.620731
-2.953878 -0.095421 -1.470937
-2.954511 -0.095441 -1.435501
-2.953041 -0.095395 -1.563154
-2.953868 -0.096421 -1.721777
-2.955053 -0.096458 -1.749435
-2.951969 -0.096361 -1.373561
-2.954838 -0.096451 -1.255275
-2.951275 -0.096339 -1.321417
-2.945050 0.094796 -1.211089
-2.948284 0.095102 -1.581500
-2.945840 0.094871 -1.354017
-2.946837 0.094965 -1.549197
-2.949212 0.095189 -1.771554
-2.949396 -0.095207 -1.494685
-2.946722 -0.094954 -1.716575
-2.945881 -0.094874 -1.419223
-2.946665 -0.094949 -1.506262
-2.946029 -0.094888 -1.393370
-2.948517 0.096128 -1.248344
-2.946794 0.095965 -1.353256
-2.944664 0.095763 -1.496645
-2.944796 0.095776 -1.861314
-2.944823 0.095778 -1.807533
-2.948518 -0.096128 -1.536604
-2.946246 -0.095913 -1.880206
-2.944484 -0.095746 -1.715607
-2.947574 -0.096038 -1.262320
-2.948708 -0.096146 -1.226284
-2.942453 0.094414 -1.640002
-2.944124 0.094679 -1.829718
-2.939007 0.093868 -1.498968
-2.939862 0.094004 -1.724103
-2.939056 0.093876 -1.685302
-2.944066 -0.094670 -1.616655
-2.943877 -0.094639 -1.731101
-2.940572 -0.094116 -1.315178
-2.941102 -0.094200 -1.450011
-2.939855 -0.094002 -1.518915
-2.943166 0.095539 -1.495052
-2.938919 0.094866 -1.229427
-2.939645 0.094981 -1.670591
-2.940746 0.095156 -1.525156
-2.941430 0.095264 -1.593310
-2.944442 -0.095741 -1.775730
-2.944378 -0.095731 -1.445031
-2.939549 -0.094966 -1.235144
-2.941715 -0.095309 -1.217283
-2.943432 -0.095581 -1.308676
-2.937550 0.093565 -1.726327
-2.936068 0.093234 -1.348005
-2.935927 0.093202 -1.644917
-2.933630 0.092689 -1.840882
-2.936943 0.093429 -1.736830
-2.937889 -0.093641 -1.564713
-2.934321 -0.092843 -1.760356
-2.933338 -0.092623 -1.347104
-2.934308 -0.092840 -1.714848
-2.936779 -0.093393 -1.328885
-2.938392 0.094777 -1.295712
-2.936375 0.094326 -1.318439
-2.933152 0.093606 -1.472124
-2.935432 0.094116 -1.769031
-2.934685 0.093949 -1.567479
-2.936662 -0.094390 -1.707680
-2.934379 -0.093880 -1.826508
-2.933486 -0.093681 -1.438715
-2.934189 -0.093838 -1.437567
-2.935926 -0.094226 -1.272961
-2.932624 -0.092451 -1.322281
-2.930579 -0.091857 -1.641032
-2.929396 -0.091513 -1.603295
-2.929094 -0.091426 -1.294353
-2.930721 -0.091898 -1.227598
-2.928456 0.091240 -1.370380
-2.928430 0.091233 -1.243899
-2.930384 0.091800 -1.875870
-2.927320 0.090910 -1.384387
-2.928915 0.091374 -1.462823
-2.929803 -0.092673 -1.886688
-2.931536 -0.093176 -1.361090
-2.927412 -0.091978 -1.564574
-2.932206 -0.093371 -1.244724
-2.928912 -0.092414 -1.455964
-2.929106 0.092470 -1.271047
-2.931767 0.093243 -1.520458
-2.926862 0.091818 -1.335980
-2.927802 0.092091 -1.599238
-2.927617 0.092037 -1.547578
-2.926255 0.090546 -1.288346
-2.926210 0.090530 -1.210677
-2.922308 0.089125 -1.444286
-2.923453 0.089537 -1.866771
-2.922305 0.089124 -1.627906
-2.926086 -0.090485 -1.497924
-2.921881 -0.088971 -1.875415
-2.923784 -0.089656 -1.459417
-2.924593 -0.089947 -1.402359
-2.924034 -0.089746 -1.571112
-2.923828 0.090734 -1.300288
-2.925889 0.091477 -1.519858
-2.922447 0.090237 -1.815240
-2.922696 0.090327 -1.674868
-2.921476 0.089888 -1.714415
-2.924936 -0.091134 -1.675571
-2.926338 -0.091638 -1.847627
-2.921593 -0.089930 -1.530170
-2.922649 -0.090310 -1.643927
-2.923163 -0.090495 -1.258086
-2.918846 0.087693 -1.323030
-2.918259 0.087439 -1.274731
-2.918125 0.087381 -1.784780
-2.917670 0.087184 -1.736596
-2.916864 0.086835 -1.565285
-2.919796 -0.088104 -1.421865
-2.917579 -0.087144 -1.689195
-2.919009 -0.087763 -1.418746
-2.919895 -0.088147 -1.354001
-2.916620 -0.086729 -1.522020
-2.916388 0.087718 -1.303714
-2.919722 0.089161 -1.572012
-2.917185 0.088063 -1.437772
-2.920428 0.089466 -1.869045
-2.916172 0.087625 -1.432511
-2.920468 -0.089484 -1.739304
-2.918777 -0.088752 -1.849322
-2.917889 -0.088367 -1.521803
-2.915923 -0.087517 -1.279977
-2.916962 -0.087967 -1.419283
-2.912439 0.084655 -1.234799
-2.915781 0.086358 -1.394835
-2.910898 0.083869 -1.620946
-2.913095 0.084989 -1.858560
-2.913885 0.085391 -1.875992
-2.912727 -0.084801 -1.755758
-2.911278 -0.084063 -1.841135
-2.912379 -0.084624 -1.438022
-2.913247 -0.085066 -1.328153
-2.912687 -0.084781 -1.412066
-2.913276 0.086203 -1.539175
-2.914202 0.086675 -1.546716
-2.913348 0.086239 -1.850967
-2.911563 0.085330 -1.803143
-2.912079 0.085593 -1.545870
-2.913021 -0.086073 -1.733385
-2.911262 -0.085177 -1.868716
-2.911430 -0.085263 -1.685418
-2.911434 -0.085265 -1.462406
-2.910990 -0.085038 -1.649714
-2.907232 -0.081730 -1.774516
-2.908212 -0.082309 -1.585158
-2.908113 -0.082251 -1.521730
-2.906025 -0.081016 -1.549561
-2.906440 -0.081262 -1.398948
-2.908702 0.082600 -1.241966
-2.908381 0.082409 -1.251530
-2.906509 0.081302 -1.381603
-2.909481 0.083060 -1.826521
-2.906129 0.081078 -1.821799
-2.910020 -0.084540 -1.426928
-2.906595 -0.082514 -1.732826
-2.906767 -0.082616 -1.567374
-2.905282 -0.081738 -1.731571
-2.908270 -0.083505 -1.359297
-2.908762 0.083796 -1.563291
-2.906827 0.082652 -1.416484
-2.906049 0.082192 -1.427956
-2.907318 0.082942 -1.799477
-2.907035 0.082775 -1.816578
-2.904574 -0.080087 -1.826862
-2.901823 -0.078217 -1.831092
-2.900454 -0.077287 -1.808595
-2.901025 -0.077674 -1.778692
-2.903072 -0.079066 -1.418069
-2.905315 0.080590 -1.384398
-2.903883 0.079617 -1.539702
-2.901920 0.078283 -1.557018
-2.901903 0.078271 -1.681247
-2.903675 0.079475 -1.757382
-2.903185 -0.080351 -1.833705
-2.904624 -0.081329 -1.739534
-2.902642 -0.079982 -1.299107
-2.901503 -0.079208 -1.518391
-2.900385 -0.078448 -1.598615
-2.902183 0.079670 -1.264261
-2.903185 0.080351 -1.274903
-2.899843 0.078080 -1.348905
-2.901342 0.079099 -1.741890
-2.900815 0.078740 -1.808401
-2.899288 0.076385 -1.708460
-2.899071 0.076217 -1.228262
-2.896171 0.073967 -1.410582
-2.897738 0.075182 -1.663733
-2.899798 0.076780 -1.837954
-2.899826 -0.076802 -1.830561
-2.897794 -0.075226 -1.664068
-2.896592 -0.074294 -1.409801
-2.896850 -0.074494 -1.429067
-2.898793 -0.076001 -1.295362
-2.899415 0.077748 -1.572224
-2.899157 0.077549 -1.337935
-2.895560 0.074758 -1.846453
-2.895388 0.074625 -1.764640
-2.895285 0.074545 -1.616561
-2.899742 -0.078002 -1.284381
-2.897950 -0.076612 -1.791228
-2.896036 -0.075128 -1.431361
-2.897153 -0.075994 -1.410066
-2.898323 -0.076901 -1.263538
-2.895641 0.073552 -1.327860
-2.894110 0.072202 -1.211089
-2.892219 0.070535 -1.567638
-2.891952 0.070300 -1.751045
-2.893691 0.071833 -1.782503
-2.895471 -0.073402 -1.483472
-2.894663 -0.072690 -1.643642
-2.891910 -0.070262 -1.649114
-2.893560 -0.071717 -1.363845
-2.894137 -0.072226 -1.406262
-2.894851 0.074188 -1.390893
-2.892834 0.072409 -1.397278
-2.892010 0.071683 -1.572598
-2.891272 0.071033 -1.528101
-2.892269 0.071911 -1.831024
-2.892743 -0.072330 -1.714304
-2.891737 -0.071442 -1.727966
-2.892468 -0.072087 -1.317295
-2.892572 -0.072179 -1.442475
-2.891454 -0.071193 -1.625522
-2.890556 0.068994 -1.466791
-2.890403 0.068841 -1.232416
-2.887130 0.065569 -1.872112
-2.888658 0.067097 -1.748394
-2.888295 0.066734 -1.771137
-2.890136 -0.068575 -1.565313
-2.890807 -0.069245 -1.628027
-2.886994 -0.065432 -1.734675
-2.887297 -0.065736 -1.251823
-2.888505 -0.066943 -1.447490
-2.888181 0.068033 -1.393722
-2.889844 0.069697 -1.340352
-2.888895 0.068747 -1.848953
-2.886791 0.066643 -1.591968
-2.888623 0.068475 -1.626942
-2.889475 -0.069327 -1.756172
-2.890305 -0.070157 -1.693384
-2.886838 -0.066690 -1.266894
-2.888186 -0.068038 -1.442687
-2.888436 -0.068288 -1.229068
-2.886925 0.065361 -1.721749
-2.884350 0.062440 -1.257111
-2.884762 0.062908 -1.725043
-2.885028 0.063210 -1.816900
-2.884238 0.062314 -1.694524
-2.885331 -0.063554 -1.721758
-2.883923 -0.061957 -1.805311
-2.883421 -0.061387 -1.789033
-2.883466 -0.061438 -1.245141
-2.883862 -0.061887 -1.490704
-2.885447 0.065196 -1.633562
-2.885542 0.065304 -1.354298
-2.883142 0.062583 -1.435691
-2.884083 0.063649 -1.562511
-2.882323 0.061653 -1.822770
-2.885195 -0.064911 -1.390255
-2.884218 -0.063802 -1.655170
-2.882442 -0.061788 -1.500347
-2.884300 -0.063896 -1.410638
-2.882453 -0.061800 -1.550024
-2.882490 -0.060257 -1.860732
-2.882265 -0.059967 -1.582689
-2.880353 -0.057501 -1.405373
-2.880483 -0.057669 -1.313393
-2.881148 -0.058526 -1.285276
-2.881692 0.059228 -1.254190
-2.880884 0.058187 -1.387556
-2.880077 0.057146 -1.367802
-2.880522 0.057720 -1.566627
-2.879894 0.056910 -1.470471
-2.880643 -0.059506 -1.828457
-2.881584 -0.060719 -1.669339
-2.878832 -0.057171 -1.498836
-2.878589 -0.056858 -1.705579
-2.881391 -0.060470 -1.317651
-2.881283 0.060331 -1.424991
-2.880537 0.059370 -1.298091
-2.879116 0.057538 -1.650576
-2.878809 0.057141 -1.451613
-2.880026 0.058711 -1.752312
-2.878676 -0.055226 -1.523659
-2.876592 -0.052160 -1.841416
-2.878559 0.055055 -1.349363
-2.878968 0.055657 -1.480883
-2.876797 0.052462 -1.266996
-2.876608 0.052184 -1.844824
-2.878173 0.054487 -1.689343
-2.877057 -0.052844 -1.287616
-2.878178 -0.054493 -1.411480
-2.876148 -0.051507 -1.815372
-2.877717 0.055594 -1.409193
-2.878337 0.056507 -1.309338
-2.876655 0.054031 -1.722694
-2.876648 0.054021 -1.615046
-2.875605 0.052487 -1.493332
-2.875994 -0.053058 -1.799160
-2.877989 -0.055993 -1.601758
-2.876178 -0.053330 -1.252136
-2.876031 -0.053113 -1.385163
-2.876500 -0.053803 -1.297403
-2.873680 0.047383 -1.327686
-2.875828 0.051016 -1.397499
-2.873255 0.046665 -1.490722
-2.873943 0.047829 -1.813755
-2.873619 0.047280 -1.628534
-2.874895 -0.049437 -1.479711
-2.873765 -0.047527 -1.853449
-2.874105 -0.048101 -1.389969
-2.872882 -0.046034 -1.681304
-2.873334 -0.046798 -1.408146
-2.874493 0.050721 -1.297345
-2.874268 0.050342 -1.344786
-2.872438 0.047247 -1.707591
-2.873356 0.048799 -1.639752
-2.872553 0.047441 -1.412563
-2.874144 -0.050132 -1.629205
-2.873009 -0.048212 -1.817400
-2.874640 -0.050970 -1.293706
-2.874390 -0.050547 -1.267786
-2.872407 -0.047194 -1.786530
-2.872203 0.044705 -1.360686
-2.871042 0.042426 -1.356261
-2.870982 0.042309 -1.608250
-2.870348 0.041065 -1.794241
-2.871600 0.043522 -1.821270
-2.872619 -0.045521 -1.444398
-2.872596 -0.045477 -1.452164
-2.871377 -0.043085 -1.521576
-2.870206 -0.040785 -1.631358
-2.871103 -0.042546 -1.386201
-2.871584 0.045692 -1.290354
-2.870996 0.044537 -1.380268
-2.871161 0.044862 -1.747670
-2.869947 0.042479 -1.755870
-2.869929 0.042444 -1.676482
-2.870928 -0.044404 -1.523890
-2.870533 -0.043628 -1.652611
-2.869593 -0.041784 -1.327191
-2.870611 -0.043782 -1.336453
-2.870282 -0.043137 -1.419924
-2.869007 0.038037 -1.435821
-2.868484 0.036828 -1.360291
-2.868225 0.036231 -1.551872
-2.867898 0.035473 -1.408178
-2.869058 0.038153 -1.744228
-2.869644 -0.039508 -1.844152
-2.869803 -0.039876 -1.450326
-2.868059 -0.035846 -1.398071
-2.869090 -0.038228 -1.233757
-2.867900 -0.035479 -1.851383
-2.868660 0.039751 -1.443419
-2.868522 0.039433 -1.568945
-2.868757 0.039975 -1.882141
-2.868091 0.038438 -1.572368
-2.867458 0.036975 -1.633806
-2.869190 -0.040976 -1.309084
-2.868706 -0.039857 -1.856584
-2.868251 -0.038807 -1.251014
-2.868315 -0.038955 -1.226044
-2.868320 -0.038966 -1.238697
-2.867472 -0.034354 -1.621000
-2.866929 -0.032846 -1.800223
-2.866236 -0.030921 -1.307082
-2.866014 -0.030306 -1.494392
-2.866713 -0.032245 -1.492234
-2.866892 0.032743 -1.411177
-2.867646 0.034838 -1.304029
-2.866578 0.031872 -1.738001
-2.866096 0.030532 -1.663257
-2.866262 0.030994 -1.690240
-2.866713 -0.035197 -1.767833
-2.865718 -0.032433 -1.834225
-2.865240 -0.031105 -1.319246
-2.865916 -0.032983 -1.398549
-2.865025 -0.030508 -1.653081
-2.866495 0.034591 -1.430611
-2.865723 0.032448 -1.415098
-2.864860 0.030049 -1.759762
-2.866301 0.034052 -1.715488
-2.865410 0.031579 -1.692071
-2.865395 -0.028363 -1.710504
-2.864698 -0.025963 -1.825052
-2.864557 -0.025480 -1.336817
-2.864295 -0.024576 -1.368497
-2.864432 -0.025049 -1.544132
-2.865078 0.027272 -1.324105
-2.864606 0.025648 -1.397174
-2.865251 0.027869 -1.791290
-2.865194 0.027672 -1.828946
-2.864738 0.026104 -1.874462
-2.863164 -0.024266 -1.874836
-2.864354 -0.028365 -1.657912
-2.863234 -0.024507 -1.775069
-2.864008 -0.027172 -1.238779
-2.863571 -0.025668 -1.354481
-2.864128 0.027584 -1.528973
-2.864153 0.027673 -1.497198
-2.863330 0.024837 -1.567632
-2.863688 0.026070 -1.853101
-2.863341 0.024877 -1.440151
-2.863210 -0.019973 -1.677101
-2.863425 -0.020933 -1.648145
-2.863970 0.023371 -1.778676
-2.863584 0.021646 -1.263218
-2.863084 0.019406 -1.342081
-2.863482 -0.021186 -1.310983
-2.862907 -0.018617 -1.450816
-2.862937 0.018751 -1.352949
-2.863199 0.019923 -1.643023
-2.862820 0.018228 -1.547391
-2.862632 -0.021965 -1.584756
-2.862040 -0.019317 -1.858496
-2.861821 -0.018338 -1.709371
-2.862003 -0.019154 -1.731768
-2.861774 -0.018129 -1.232159
-2.862415 0.020996 -1.342629
-2.862566 0.021670 -1.556014
-2.861938 0.018862 -1.655516
-2.861919 0.018775 -1.363999
-2.862248 0.020247 -1.631801
-2.862573 -0.016800 -1.412255
-2.862578 -0.016837 -1.784769
-2.862726 0.017770 -1.825653
-2.862524 0.016495 -1.479854
-2.862574 0.016807 -1.646171
-2.861909 0.012608 -1.587316
-2.861916 0.012658 -1.881789
-2.861851 -0.012242 -1.829766
-2.862215 -0.014542 -1.427749
-2.862186 -0.014360 -1.294528
-2.861409 0.007752 -1.323891
-2.861646 0.010263 -1.470140
-2.861359 0.007228 -1.743558
-2.861654 0.010342 -1.751861
-2.861384 0.007494 -1.621832
-2.861604 -0.009818 -1.492198
-2.861520 -0.008925 -1.807000
-2.861254 -0.006115 -1.238260
-2.861352 -0.007154 -1.465509
-2.861294 -0.006540 -1.310785
-2.861591 -0.016993 -1.731479
-2.861121 -0.014026 -1.776968
-2.860890 -0.012564 -1.722684
-2.860885 -0.012537 -1.762327
-2.860991 -0.013201 -1.417869
-2.861480 0.016289 -1.526624
-2.861629 0.017231 -1.298601
-2.860960 0.013009 -1.644407
-2.861453 0.016122 -1.731438
-2.860955 0.012973 -1.732154
-2.861116 -0.001944 -1.731049
-2.861088 -0.001068 -1.782766
-2.861118 -0.002026 -1.417928
-2.861083 -0.000917 -1.347307
-2.861159 -0.003319 -1.394094
-2.861186 0.004175 -1.574250
-2.861202 0.004706 -1.455253
-2.861065 0.000327 -1.672311
-2.861098 0.001384 -1.457514
-2.861068 0.000434 -1.756284
-2.860591 0.009720 -1.261376
-2.860688 0.010752 -1.531957
-2.860412 0.007826 -1.715375
-2.860476 0.008508 -1.794083
-2.860376 0.007447 -1.471321
-2.860733 -0.011220 -1.342735
-2.860742 -0.011318 -1.301645
-2.860265 -0.006273 -1.239428
-2.860275 -0.006375 -1.240871
-2.860559 -0.009380 -1.503842
-2.860192 -0.004371 -1.817946
-2.860242 -0.005968 -1.264021
-2.860063 -0.000285 -1.771914
-2.860159 -0.003337 -1.268072
-2.860160 -0.003347 -1.315372
-2.860216 0.005140 -1.630453
-2.860219 0.005221 -1.752506
-2.860135 0.002572 -1.751941
-2.860170 0.003669 -1.676505
-2.860165 0.003519 -1.690842
