0.100651 0.056419 -1.403938
0.102551 0.052967 -1.288650
0.100411 0.056855 -1.453232
0.100021 0.057563 -1.445769
0.102673 0.052745 -1.252781
0.103254 0.051560 -1.431650
0.103724 0.050563 -1.289725
0.104417 0.049091 -1.291575
0.102882 0.052348 -1.294103
0.104641 0.048616 -1.459065
0.104852 0.048168 -1.424444
0.105796 0.046166 -1.288396
0.103629 0.050764 -1.444011
0.105693 0.046384 -1.331227
0.100862 0.056035 -1.296923
0.101482 0.054909 -1.265896
0.099637 0.058261 -1.385265
0.100136 0.057354 -1.371372
0.098185 0.060620 -1.459712
0.097323 0.061977 -1.458030
0.097860 0.061132 -1.474536
0.098960 0.059400 -1.331703
0.096129 0.063855 -1.453722
0.097338 0.061954 -1.366794
0.096818 0.062772 -1.328891
0.098886 0.059518 -1.238091
0.096066 0.063955 -1.370345
0.107848 0.041040 -1.301817
0.106339 0.044846 -1.394149
0.106570 0.044261 -1.339862
0.106436 0.044599 -1.306816
0.106419 0.044642 -1.329303
0.106634 0.044101 -1.428068
0.107371 0.042242 -1.416492
0.107065 0.043013 -1.388786
0.108515 0.039357 -1.252481
0.107335 0.042334 -1.481566
0.108709 0.038806 -1.272909
0.109912 0.035110 -1.260339
0.109115 0.037556 -1.430146
0.108762 0.038642 -1.304686
0.110440 0.033488 -1.396052
0.110772 0.032469 -1.429333
0.110138 0.034413 -1.368100
0.110021 0.034774 -1.361647
0.110184 0.034275 -1.486843
0.092165 0.069442 -1.477374
0.091910 0.069792 -1.481988
0.092259 0.069314 -1.477529
0.093865 0.067106 -1.365887
0.093109 0.068144 -1.308550
0.092352 0.069185 -1.395578
0.092081 0.069558 -1.347661
0.091745 0.070019 -1.410486
0.091368 0.070538 -1.401389
0.101584 0.052651 -1.301972
0.101259 0.053242 -1.412239
0.101475 0.052848 -1.352077
0.101652 0.052527 -1.401910
0.101912 0.052055 -1.374921
0.103404 0.048897 -1.274040
0.104133 0.047350 -1.280260
0.102123 0.051614 -1.396529
0.102280 0.051281 -1.363255
0.099463 0.056504 -1.295973
0.099333 0.056740 -1.365701
0.099226 0.056934 -1.343767
0.101635 0.052558 -1.237176
0.098890 0.057544 -1.278573
0.103961 0.047714 -1.366603
0.102459 0.050901 -1.451191
0.104088 0.047446 -1.387939
0.103513 0.048665 -1.435244
0.097003 0.060616 -1.430168
0.096619 0.061221 -1.382336
0.096100 0.062038 -1.408894
0.096599 0.061253 -1.369183
0.098252 0.058651 -1.439862
0.095933 0.062301 -1.402359
0.096598 0.061254 -1.356491
0.096013 0.062175 -1.318476
0.097376 0.060030 -1.259304
0.107068 0.040295 -1.289742
0.105989 0.043016 -1.366637
0.105307 0.044737 -1.296718
0.106651 0.041346 -1.268462
0.106082 0.042783 -1.239655
0.106081 0.042784 -1.390172
0.106250 0.042357 -1.479790
0.107544 0.039095 -1.267804
0.106812 0.040940 -1.487480
0.092969 0.066637 -1.483464
0.092845 0.066808 -1.404826
0.093219 0.066294 -1.452619
0.094504 0.064528 -1.383018
0.094394 0.064679 -1.471074
0.108524 0.036143 -1.292327
0.109322 0.033691 -1.260567
0.109284 0.033809 -1.237940
0.108038 0.037636 -1.333575
0.090862 0.069534 -1.377389
0.091998 0.067972 -1.372814
0.092615 0.067125 -1.243061
0.091399 0.068796 -1.373941
0.091773 0.068282 -1.330691
0.109189 0.034101 -1.435504
0.109703 0.032522 -1.288585
0.109392 0.033478 -1.450510
0.109410 0.033422 -1.458227
0.089582 0.072727 -1.333034
0.088858 0.073602 -1.436012
0.089033 0.073390 -1.408435
0.087200 0.075603 -1.459956
0.089747 0.072528 -1.364840
0.086936 0.075921 -1.248752
0.088325 0.074244 -1.348820
0.087698 0.075002 -1.246336
0.087402 0.075359 -1.430235
0.112247 0.026790 -1.262965
0.111388 0.030125 -1.262129
0.110861 0.032172 -1.354669
0.111503 0.029678 -1.394301
0.111169 0.030976 -1.331200
0.112188 0.027017 -1.329237
0.112118 0.027291 -1.354085
0.111243 0.030689 -1.488523
0.112538 0.025658 -1.319028
0.088343 0.072656 -1.411959
0.088805 0.072099 -1.436162
0.086917 0.074378 -1.479869
0.086992 0.074287 -1.477412
0.089626 0.071107 -1.451106
0.086304 0.075118 -1.359001
0.087135 0.074115 -1.332135
0.089625 0.071108 -1.239646
0.088294 0.072715 -1.342024
0.110566 0.029309 -1.252275
0.110958 0.027788 -1.279207
0.110371 0.030068 -1.319618
0.110541 0.029408 -1.380560
0.110297 0.030355 -1.430788
0.111411 0.026027 -1.292528
0.111073 0.027339 -1.394033
0.110829 0.028288 -1.476694
0.110693 0.028817 -1.467838
0.113521 0.020664 -1.252039
0.112778 0.024547 -1.251714
0.112964 0.023571 -1.425810
0.113396 0.021318 -1.263762
0.113167 0.022511 -1.274284
0.113925 0.018551 -1.271983
0.113844 0.018976 -1.293789
0.112918 0.023815 -1.492249
0.113430 0.021140 -1.475485
0.113560 0.020457 -1.366720
0.082618 0.080570 -1.491498
0.085732 0.077258 -1.333126
0.085799 0.077187 -1.344143
0.083752 0.079365 -1.465886
0.086020 0.076952 -1.256936
0.085321 0.077695 -1.256579
0.082170 0.081047 -1.456521
0.084958 0.078082 -1.312532
0.082199 0.081016 -1.395569
0.112036 0.023107 -1.343417
0.112255 0.021959 -1.276053
0.112026 0.023157 -1.247147
0.112085 0.022848 -1.316647
0.112011 0.023234 -1.493356
0.112796 0.019131 -1.430885
0.112967 0.018238 -1.305966
0.112994 0.018098 -1.336885
0.112434 0.021025 -1.489513
0.084752 0.076841 -1.452739
0.083474 0.078200 -1.397707
0.085320 0.076238 -1.320504
0.082551 0.079183 -1.473019
0.081470 0.080332 -1.396516
0.083021 0.078682 -1.244917
0.081626 0.080167 -1.240522
0.083824 0.077828 -1.281306
0.083613 0.078052 -1.322811
0.114606 0.013398 -1.310191
0.114286 0.015920 -1.255854
0.114031 0.017933 -1.454141
0.114153 0.016976 -1.335375
0.114850 0.011478 -1.413121
0.114459 0.014563 -1.390950
0.114699 0.012671 -1.474400
0.114399 0.015034 -1.393691
0.114801 0.011862 -1.317493
0.078791 0.084290 -1.461966
0.080722 0.082479 -1.324340
0.079210 0.083897 -1.453823
0.080206 0.082963 -1.364795
0.079759 0.083382 -1.372210
0.076963 0.086005 -1.392587
0.076884 0.086079 -1.301286
0.079285 0.083827 -1.254856
0.079477 0.083647 -1.288256
0.113490 0.014257 -1.254330
0.113453 0.014550 -1.285328
0.113153 0.016914 -1.358561
0.113586 0.013501 -1.236704
0.113688 0.012697 -1.261744
0.113461 0.014484 -1.479876
0.113528 0.013958 -1.421095
0.113911 0.010938 -1.363841
0.113511 0.014089 -1.383361
0.080223 0.081577 -1.316866
0.079472 0.082281 -1.369876
0.080535 0.081284 -1.390020
0.078855 0.082860 -1.380642
0.078897 0.082821 -1.402842
0.076615 0.084961 -1.352312
0.076400 0.085163 -1.271754
0.076199 0.085352 -1.359674
0.076716 0.084866 -1.384410
0.114950 0.010451 -1.421790
0.115119 0.007787 -1.303843
0.114985 0.009899 -1.346993
0.114954 0.010387 -1.297569
0.115318 0.004657 -1.241869
0.115148 0.007339 -1.455370
0.115318 0.004662 -1.454973
0.115268 0.005453 -1.358243
0.115252 0.005703 -1.316518
0.113988 0.009837 -1.277158
0.114118 0.007785 -1.271706
0.114335 0.004368 -1.239051
0.114045 0.008935 -1.288371
0.113976 0.010015 -1.253199
0.114117 0.007804 -1.443554
0.114200 0.006493 -1.399761
0.114222 0.006151 -1.407762
0.114133 0.007554 -1.464109
0.115381 0.000831 -1.291176
0.115380 0.001792 -1.354043
0.115381 0.000786 -1.295523
0.115379 0.003519 -1.259911
0.115380 0.001915 -1.393149
0.115383 -0.002326 -1.306040
0.115383 -0.002114 -1.296759
0.115382 -0.001646 -1.439001
0.115383 -0.003545 -1.332340
0.114399 -0.002862 -1.236065
0.114382 -0.000389 -1.277005
0.114383 -0.002293 -1.270232
0.114381 0.002226 -1.273471
0.114381 0.001039 -1.345133
0.114383 -0.002262 -1.364778
0.114383 -0.001944 -1.316048
0.114380 0.002932 -1.483182
0.114382 -0.000941 -1.472596
0.114383 -0.002215 -1.413691
0.115320 -0.004570 -1.357844
0.115233 -0.005971 -1.312430
0.115342 -0.004223 -1.337889
0.115185 -0.006745 -1.252746
0.115147 -0.007352 -1.366572
0.115110 -0.007949 -1.429942
0.114995 -0.009793 -1.460788
0.114992 -0.009833 -1.493399
0.114952 -0.010473 -1.447785
0.114094 -0.008188 -1.321634
0.114133 -0.007554 -1.327482
0.114144 -0.007378 -1.285569
0.114337 -0.004274 -1.342137
0.114068 -0.008595 -1.369699
0.114087 -0.008288 -1.346672
0.113995 -0.009772 -1.305924
0.114001 -0.009676 -1.409036
0.113982 -0.009983 -1.413918
0.114735 -0.012370 -1.244814
0.114815 -0.011732 -1.392516
0.114805 -0.011808 -1.380496
0.114562 -0.013745 -1.315893
0.114288 -0.015923 -1.482871
0.114411 -0.014941 -1.494619
0.114099 -0.017422 -1.389689
0.114253 -0.016203 -1.424320
0.114165 -0.016898 -1.347081
0.113782 -0.011933 -1.304117
0.113752 -0.012175 -1.346192
0.113599 -0.013392 -1.307124
0.113788 -0.011885 -1.370420
0.113738 -0.012287 -1.439793
0.113062 -0.017662 -1.269308
0.113456 -0.014526 -1.414578
0.113147 -0.016981 -1.292694
0.113282 -0.015911 -1.397890
0.114011 -0.018081 -1.330504
0.113954 -0.018378 -1.257560
0.113699 -0.019721 -1.368673
0.113664 -0.019902 -1.383739
0.113668 -0.019884 -1.465895
0.112899 -0.023930 -1.357053
0.112696 -0.024994 -1.396675
0.113191 -0.022393 -1.452834
0.113103 -0.022855 -1.454313
0.112996 -0.018067 -1.346260
0.112005 -0.023277 -1.291801
0.112394 -0.021233 -1.351504
0.111918 -0.023735 -1.239013
0.112097 -0.022796 -1.258440
0.111962 -0.023504 -1.451103
0.112281 -0.021824 -1.388299
0.111794 -0.024387 -1.375188
0.112303 -0.021711 -1.377944
0.111308 -0.030445 -1.237582
0.112590 -0.025442 -1.317615
0.111633 -0.029176 -1.297367
0.111937 -0.027990 -1.344671
0.112385 -0.026241 -1.271282
0.111000 -0.031647 -1.299935
0.110904 -0.032021 -1.420185
0.111754 -0.028705 -1.451266
0.111310 -0.030438 -1.368312
0.110781 -0.028476 -1.276523
0.110316 -0.030291 -1.254352
0.111248 -0.026653 -1.379274
0.111550 -0.025474 -1.435889
0.110296 -0.030368 -1.288282
0.109955 -0.031701 -1.422514
0.111191 -0.026875 -1.451956
0.110050 -0.031329 -1.465422
0.110563 -0.029327 -1.361774
0.110167 -0.034319 -1.373149
0.109641 -0.035944 -1.336350
0.110329 -0.033820 -1.337637
0.110836 -0.032258 -1.368005
0.109844 -0.035317 -1.297046
0.108949 -0.038076 -1.493798
0.108922 -0.038158 -1.341749
0.109486 -0.036420 -1.363652
0.109855 -0.035281 -1.443239
0.109265 -0.033861 -1.376671
0.108271 -0.036928 -1.250063
0.109539 -0.033018 -1.258079
0.109911 -0.031868 -1.378388
0.109839 -0.032091 -1.335878
0.109515 -0.033090 -1.455279
0.109147 -0.034226 -1.447554
0.107984 -0.037811 -1.446693
0.107842 -0.038251 -1.261707
0.108313 -0.039858 -1.279830
0.108115 -0.040360 -1.435931
0.107501 -0.041912 -1.373672
0.108250 -0.040018 -1.397067
0.108381 -0.039687 -1.390585
0.107181 -0.042722 -1.428020
0.106275 -0.045016 -1.366403
0.106966 -0.043265 -1.407171
0.106066 -0.045544 -1.443193
0.106023 -0.045653 -1.349238
0.106977 -0.040520 -1.343124
0.107557 -0.039052 -1.481047
0.107555 -0.039058 -1.345744
0.107159 -0.040058 -1.427777
0.105296 -0.044773 -1.402428
0.105436 -0.044419 -1.400116
0.105981 -0.043040 -1.452067
0.106173 -0.042553 -1.460278
0.105341 -0.044659 -1.277606
0.103898 -0.050197 -1.315931
0.103416 -0.051221 -1.238587
0.105559 -0.046662 -1.405155
0.104402 -0.049124 -1.346526
0.103748 -0.050514 -1.448324
0.103894 -0.050205 -1.387248
0.105168 -0.047492 -1.447154
0.103469 -0.051109 -1.474533
0.102926 -0.052265 -1.392343
0.104135 -0.047341 -1.351011
0.103638 -0.048399 -1.318765
0.104614 -0.046321 -1.432467
0.104016 -0.047594 -1.305736
0.103240 -0.049246 -1.365313
0.103355 -0.049001 -1.363657
0.102528 -0.050762 -1.356710
0.104365 -0.046851 -1.458719
0.102295 -0.051256 -1.427474
0.099948 -0.057701 -1.248210
0.100627 -0.056465 -1.314659
0.100939 -0.055895 -1.335002
0.102204 -0.053592 -1.356965
0.100935 -0.055903 -1.429811
0.099719 -0.058118 -1.298445
0.101192 -0.055436 -1.381949
0.101582 -0.054725 -1.457978
0.101988 -0.053986 -1.431125
0.101759 -0.052326 -1.432973
0.101010 -0.053691 -1.276083
0.100791 -0.054089 -1.376035
0.101825 -0.052206 -1.247218
0.100870 -0.053945 -1.450922
0.099140 -0.057095 -1.469380
0.098853 -0.057619 -1.302342
0.100436 -0.054735 -1.445702
0.100347 -0.054897 -1.422662
0.099144 -0.059104 -1.239610
0.097730 -0.061334 -1.257185
0.099161 -0.059078 -1.466734
0.099010 -0.059315 -1.435262
0.099001 -0.059329 -1.286030
0.096141 -0.063842 -1.477737
0.095900 -0.064222 -1.454419
0.097959 -0.060973 -1.412257
0.096078 -0.063942 -1.474557
0.096664 -0.061150 -1.334580
0.098234 -0.058672 -1.370247
0.097667 -0.059568 -1.371177
0.097236 -0.060248 -1.260405
0.097568 -0.059724 -1.347853
0.097183 -0.060331 -1.426952
0.095469 -0.063035 -1.455751
0.095562 -0.062889 -1.477151
0.095076 -0.063655 -1.450408
0.095148 -0.065336 -1.389540
0.094728 -0.065914 -1.335311
0.094654 -0.066017 -1.392515
0.093129 -0.068117 -1.293015
0.092873 -0.068470 -1.268942
0.092372 -0.069160 -1.456175
0.095265 -0.065174 -1.486125
0.094840 -0.065760 -1.457536
0.093693 -0.067341 -1.437923
0.093804 -0.065486 -1.242120
0.092624 -0.067112 -1.261524
0.093690 -0.065643 -1.248872
0.093439 -0.065988 -1.326360
0.094291 -0.064815 -1.236454
0.092053 -0.067899 -1.391171
0.090833 -0.069580 -1.458782
0.090811 -0.069610 -1.480935
0.090533 -0.069993 -1.249103
0.090977 -0.071037 -1.403752
0.090218 -0.071956 -1.236315
0.087247 -0.075551 -1.268639
0.090709 -0.071361 -1.382817
0.090856 -0.071183 -1.287046
0.087987 -0.074655 -1.435936
0.088483 -0.074055 -1.449852
0.086706 -0.076205 -1.469971
0.087969 -0.074678 -1.422705
0.086838 -0.074490 -1.236065
0.090190 -0.070421 -1.345330
0.087407 -0.073788 -1.271954
0.089461 -0.071302 -1.411174
0.089920 -0.070747 -1.319997
0.086173 -0.075281 -1.483661
0.087183 -0.074059 -1.440912
0.086556 -0.074817 -1.343229
0.088155 -0.072883 -1.392095
0.086120 -0.075345 -1.372344
0.086287 -0.076663 -1.346896
0.085482 -0.077520 -1.362547
0.084083 -0.079012 -1.262537
0.083635 -0.079489 -1.331189
0.083416 -0.079723 -1.374066
0.082539 -0.080658 -1.312507
0.086075 -0.076889 -1.484614
0.084516 -0.078551 -1.407122
0.083896 -0.079212 -1.468288
0.083787 -0.077867 -1.331525
0.085150 -0.076414 -1.375819
0.084669 -0.076927 -1.304884
0.082880 -0.078834 -1.316864
0.081033 -0.080802 -1.347386
0.081624 -0.080173 -1.373851
0.083476 -0.078198 -1.468228
0.082905 -0.078807 -1.482638
0.081957 -0.079818 -1.357535
0.079888 -0.083260 -1.363420
0.081620 -0.081631 -1.389855
0.081665 -0.081589 -1.291233
0.079291 -0.083821 -1.265940
0.077490 -0.085514 -1.411817
0.077439 -0.085562 -1.485829
0.079979 -0.083174 -1.427283
0.077197 -0.085790 -1.401436
0.080536 -0.082650 -1.442411
0.080100 -0.081688 -1.384744
0.079163 -0.082570 -1.367905
0.078789 -0.082921 -1.385011
0.079180 -0.082554 -1.338833
0.079521 -0.082233 -1.470115
0.075912 -0.085626 -1.453047
0.076564 -0.085013 -1.317013
0.076557 -0.085020 -1.291087
0.076068 -0.085479 -1.308867
0.075946 -0.086916 -1.273967
0.076222 -0.086687 -1.331277
0.075779 -0.087055 -1.395205
0.074274 -0.088301 -1.373327
0.070870 -0.091120 -1.333760
0.072382 -0.089868 -1.482108
0.072719 -0.089588 -1.430995
0.072316 -0.089923 -1.322448
0.074394 -0.088201 -1.403042
0.075584 -0.085918 -1.467282
0.072514 -0.088461 -1.325067
0.073437 -0.087696 -1.290052
0.073530 -0.087619 -1.278992
0.072577 -0.088408 -1.333260
0.073736 -0.087448 -1.419655
0.071457 -0.089336 -1.341690
0.072835 -0.088195 -1.452859
0.071357 -0.089419 -1.385881
0.070579 -0.091338 -1.260097
0.067605 -0.093502 -1.284320
0.066334 -0.094426 -1.255239
0.067242 -0.093765 -1.325038
0.069274 -0.092288 -1.421101
0.065936 -0.094716 -1.325942
0.068045 -0.093182 -1.472662
0.065713 -0.094878 -1.438599
0.066739 -0.094132 -1.388638
0.066980 -0.092720 -1.264655
0.069902 -0.090595 -1.430234
0.069544 -0.090855 -1.373383
0.067928 -0.092031 -1.268099
0.067916 -0.092039 -1.383056
0.067374 -0.092434 -1.459287
0.064394 -0.094601 -1.489668
0.067788 -0.092133 -1.408713
0.067009 -0.092699 -1.402494
0.060362 -0.098349 -1.291422
0.064391 -0.095789 -1.314906
0.062850 -0.096768 -1.246157
0.064106 -0.095970 -1.276202
0.062467 -0.097012 -1.273085
0.059799 -0.098707 -1.453607
0.059842 -0.098679 -1.377775
0.062439 -0.097029 -1.435517
0.059727 -0.098753 -1.492967
0.062989 -0.095496 -1.268212
0.063030 -0.095470 -1.261858
0.063111 -0.095418 -1.273806
0.061408 -0.096500 -1.304488
0.063922 -0.094903 -1.349369
0.058843 -0.098130 -1.465169
0.058754 -0.098187 -1.420753
0.061483 -0.096452 -1.485175
0.058358 -0.098438 -1.361274
0.056340 -0.100694 -1.298371
0.055443 -0.101188 -1.355340
0.057621 -0.099989 -1.339220
0.054247 -0.101846 -1.245549
0.055741 -0.101024 -1.342514
0.053917 -0.102028 -1.385054
0.052670 -0.102714 -1.451820
0.054170 -0.101889 -1.390580
0.055704 -0.101044 -1.368720
0.053285 -0.102376 -1.344712
0.055681 -0.099916 -1.306657
0.055009 -0.100286 -1.263987
0.056584 -0.099419 -1.380343
0.057038 -0.099169 -1.345899
0.056979 -0.099201 -1.483820
0.052296 -0.101779 -1.298835
0.055001 -0.100290 -1.393278
0.053043 -0.101368 -1.327217
0.052916 -0.101438 -1.419777
0.050996 -0.103519 -1.256769
0.049498 -0.104225 -1.317905
0.052019 -0.103037 -1.450680
0.052298 -0.102906 -1.434285
0.046064 -0.105844 -1.481350
0.046138 -0.105809 -1.375891
0.051580 -0.103244 -1.460838
0.046437 -0.105668 -1.476191
0.048592 -0.104652 -1.424049
0.049025 -0.103344 -1.245025
0.050782 -0.102515 -1.296594
0.050842 -0.102487 -1.264012
0.049335 -0.103197 -1.244911
0.049300 -0.103214 -1.417829
0.049681 -0.103034 -1.411707
0.046650 -0.104463 -1.309873
0.047168 -0.104218 -1.427190
0.047182 -0.104212 -1.450109
0.043938 -0.105624 -1.245712
0.042156 -0.106330 -1.336372
0.045414 -0.105038 -1.325928
0.042677 -0.106124 -1.334998
0.041035 -0.106775 -1.352580
0.043240 -0.105900 -1.443779
0.039233 -0.107489 -1.362498
0.041591 -0.106554 -1.381422
0.042805 -0.106073 -1.492388
0.045313 -0.106153 -1.296341
0.043578 -0.106842 -1.330104
0.044883 -0.106324 -1.454167
0.044597 -0.106437 -1.252161
0.042191 -0.107391 -1.455028
0.041700 -0.107586 -1.360979
0.040107 -0.108218 -1.371849
0.041807 -0.107544 -1.448483
0.041681 -0.107594 -1.412942
0.036841 -0.108297 -1.328568
0.034117 -0.109184 -1.302017
0.038050 -0.107904 -1.253463
0.038228 -0.107845 -1.306842
0.037036 -0.108234 -1.312420
0.034361 -0.109104 -1.385112
0.034016 -0.109217 -1.407059
0.035636 -0.108689 -1.450425
0.036274 -0.108482 -1.427639
0.035614 -0.109747 -1.329661
0.037503 -0.109132 -1.417564
0.036960 -0.109309 -1.252211
0.037351 -0.109182 -1.384749
0.038022 -0.108963 -1.334114
0.033115 -0.110561 -1.317253
0.036395 -0.109493 -1.493172
0.032892 -0.110634 -1.406891
0.034868 -0.109990 -1.342872
0.028059 -0.110888 -1.348670
0.029821 -0.110434 -1.365767
0.030080 -0.110368 -1.409297
0.030615 -0.110230 -1.432898
0.028298 -0.110826 -1.270651
0.025851 -0.111456 -1.305245
0.027125 -0.111128 -1.488243
0.025402 -0.111572 -1.386516
0.025204 -0.111623 -1.356390
0.026859 -0.112229 -1.262231
0.029511 -0.111546 -1.318031
0.028838 -0.111719 -1.244136
0.031605 -0.111007 -1.283424
0.030575 -0.111273 -1.351227
0.030447 -0.111305 -1.490711
0.026063 -0.112434 -1.372038
0.026179 -0.112404 -1.319424
0.026274 -0.112379 -1.372827
0.024468 -0.111775 -1.322452
0.024773 -0.111717 -1.394173
0.024461 -0.111777 -1.450409
0.021527 -0.112338 -1.278862
0.019413 -0.112742 -1.251870
0.018209 -0.112973 -1.303604
0.019128 -0.112797 -1.386314
0.018186 -0.112977 -1.351960
0.018793 -0.112861 -1.279053
0.020031 -0.113642 -1.273199
0.023040 -0.113066 -1.367599
0.024888 -0.112712 -1.459614
0.024926 -0.112705 -1.268109
0.024034 -0.112876 -1.327992
0.019949 -0.113658 -1.356575
0.023451 -0.112987 -1.449682
0.018339 -0.113966 -1.366445
0.019063 -0.113827 -1.288569
0.018833 -0.113871 -1.377713
0.016725 -0.113177 -1.420717
0.015364 -0.113350 -1.273764
0.015887 -0.113283 -1.277679
0.015304 -0.113357 -1.273310
0.011110 -0.113889 -1.352642
0.013301 -0.113611 -1.424666
0.014033 -0.113518 -1.440840
0.013448 -0.113593 -1.358339
0.014605 -0.113446 -1.413088
0.014094 -0.114518 -1.246732
0.017688 -0.114062 -1.306023
0.015187 -0.114379 -1.292494
0.016728 -0.114184 -1.264813
0.011781 -0.114812 -1.440721
0.011566 -0.114839 -1.408998
0.013546 -0.114588 -1.411389
0.012830 -0.114679 -1.486211
0.015906 -0.114288 -1.471470
0.010337 -0.113956 -1.414814
0.008484 -0.114074 -1.326233
0.005001 -0.114295 -1.274528
0.010225 -0.113963 -1.417641
0.008965 -0.114043 -1.442549
0.004010 -0.114358 -1.306358
0.010365 -0.113954 -1.489650
0.007348 -0.114146 -1.380913
0.009300 -0.114022 -1.479100
0.010314 -0.114959 -1.256902
0.009739 -0.114995 -1.327819
0.005612 -0.115257 -1.245478
0.008425 -0.115079 -1.391318
0.005640 -0.115256 -1.366103
0.004855 -0.115305 -1.348329
0.007333 -0.115148 -1.450785
0.006062 -0.115229 -1.386308
0.005568 -0.115260 -1.490175
0.002714 -0.114380 -1.360664
0.001289 -0.114381 -1.343673
0.003571 -0.114380 -1.264531
0.001470 -0.114381 -1.353803
-0.000842 -0.114382 -1.342641
-0.000306 -0.114382 -1.396582
0.000596 -0.114382 -1.473005
0.001169 -0.114381 -1.445500
0.002631 -0.114380 -1.466719
0.003228 -0.115380 -1.359409
0.003116 -0.115380 -1.397884
-0.001750 -0.115382 -1.243891
-0.000613 -0.115382 -1.274807
0.001778 -0.115380 -1.380028
0.000100 -0.115381 -1.398977
-0.000810 -0.115382 -1.341507
-0.001754 -0.115382 -1.441300
-0.001096 -0.115382 -1.352292
-0.005919 -0.114235 -1.343051
-0.005332 -0.114272 -1.245311
-0.003809 -0.114367 -1.457168
-0.004439 -0.114327 -1.411178
-0.006429 -0.114203 -1.322517
-0.007846 -0.114115 -1.407035
-0.009866 -0.113989 -1.494207
-0.009738 -0.113997 -1.386979
-0.008749 -0.114059 -1.351225
-0.007160 -0.115159 -1.317821
-0.005686 -0.115251 -1.331030
-0.007780 -0.115120 -1.293083
-0.004744 -0.115310 -1.423592
-0.008953 -0.115047 -1.299568
-0.005729 -0.115248 -1.432332
-0.009594 -0.115007 -1.313529
-0.010152 -0.114973 -1.389806
-0.009212 -0.115031 -1.401958
-0.010770 -0.113928 -1.353491
-0.014548 -0.113453 -1.259815
-0.011280 -0.113864 -1.323318
-0.015372 -0.113350 -1.274126
-0.011915 -0.113784 -1.388951
-0.012040 -0.113769 -1.490998
-0.017408 -0.113094 -1.305071
-0.016220 -0.113243 -1.398844
-0.014476 -0.113462 -1.430861
-0.011623 -0.114829 -1.240430
-0.011659 -0.114824 -1.346820
-0.011527 -0.114841 -1.244262
-0.012724 -0.114690 -1.323452
-0.013924 -0.114539 -1.248794
-0.013621 -0.114577 -1.405567
-0.016857 -0.114170 -1.420351
-0.016650 -0.114196 -1.332780
-0.017092 -0.114141 -1.390553
-0.022937 -0.112070 -1.246307
-0.018343 -0.112944 -1.452412
-0.018481 -0.112917 -1.245128
-0.020073 -0.112615 -1.295952
-0.022612 -0.112132 -1.301434
-0.021400 -0.112362 -1.367569
-0.023251 -0.112010 -1.428703
-0.022353 -0.112181 -1.330752
-0.020172 -0.112596 -1.440738
-0.021129 -0.112621 -1.494755
-0.018237 -0.113981 -1.340464
-0.024762 -0.112740 -1.244625
-0.021224 -0.113413 -1.305543
-0.023673 -0.112947 -1.282261
-0.022625 -0.113147 -1.415984
-0.023302 -0.113018 -1.306890
-0.021376 -0.113384 -1.471051
-0.024752 -0.112742 -1.270048
-0.022260 -0.113216 -1.340784
-0.025117 -0.111641 -1.291451
-0.029881 -0.110421 -1.273455
-0.025895 -0.111442 -1.425508
-0.027578 -0.111011 -1.363256
-0.031843 -0.109918 -1.311008
-0.029402 -0.110543 -1.413990
-0.030808 -0.110183 -1.286076
-0.031426 -0.110025 -1.293577
-0.030324 -0.110307 -1.447838
-0.025743 -0.112512 -1.427800
-0.027624 -0.112031 -1.290678
-0.027251 -0.112126 -1.278604
-0.027291 -0.112116 -1.384153
-0.027354 -0.112100 -1.430695
-0.028784 -0.111733 -1.415720
-0.031637 -0.111003 -1.464633
-0.032105 -0.110883 -1.369340
-0.031853 -0.110947 -1.455154
-0.033009 -0.109542 -1.434233
-0.032739 -0.109629 -1.293688
-0.034682 -0.108999 -1.338547
-0.036289 -0.108478 -1.272277
-0.038184 -0.107863 -1.334890
-0.036411 -0.108438 -1.374977
-0.032988 -0.109548 -1.461765
-0.038444 -0.107779 -1.484299
-0.038645 -0.107714 -1.464744
-0.032233 -0.110844 -1.364914
-0.034735 -0.110033 -1.282777
-0.033438 -0.110453 -1.346797
-0.036212 -0.109554 -1.276460
-0.037552 -0.109119 -1.464366
-0.035361 -0.109829 -1.387663
-0.036125 -0.109582 -1.428098
-0.034875 -0.109987 -1.400201
-0.038874 -0.108690 -1.478684
-0.041499 -0.106590 -1.244225
-0.039913 -0.107217 -1.282439
-0.039000 -0.107578 -1.263893
-0.038928 -0.107606 -1.301127
-0.043392 -0.105842 -1.273536
-0.043804 -0.105679 -1.443316
-0.041058 -0.106764 -1.486897
-0.042082 -0.106359 -1.474862
-0.041871 -0.106443 -1.435820
-0.040733 -0.107967 -1.399446
-0.039619 -0.108408 -1.318804
-0.043696 -0.106796 -1.286999
-0.042512 -0.107264 -1.290843
-0.041463 -0.107679 -1.329060
-0.044325 -0.106547 -1.348886
-0.042841 -0.107134 -1.359148
-0.043180 -0.107000 -1.378640
-0.041222 -0.107774 -1.492202
-0.046027 -0.104752 -1.366123
-0.050487 -0.102657 -1.284732
-0.046316 -0.104617 -1.274961
-0.045427 -0.105034 -1.337822
-0.048520 -0.103581 -1.334190
-0.048643 -0.103523 -1.421595
-0.049733 -0.103011 -1.451348
-0.046945 -0.104321 -1.472494
-0.050783 -0.102518 -1.291771
-0.047545 -0.105144 -1.334944
-0.046485 -0.105642 -1.356574
-0.049007 -0.104457 -1.270398
-0.046429 -0.105668 -1.405558
-0.050065 -0.103959 -1.311923
-0.049563 -0.104196 -1.442506
-0.051876 -0.103109 -1.436054
-0.051147 -0.103451 -1.401659
-0.050414 -0.103796 -1.341935
-0.052354 -0.101743 -1.374074
-0.054291 -0.100680 -1.289461
-0.053671 -0.101020 -1.261419
-0.055771 -0.099867 -1.279218
-0.053797 -0.100951 -1.367940
-0.053871 -0.100910 -1.451076
-0.053731 -0.100987 -1.426912
-0.057630 -0.098847 -1.297030
-0.056126 -0.099673 -1.404543
-0.054592 -0.101655 -1.288133
-0.054811 -0.101535 -1.243999
-0.052564 -0.102769 -1.376340
-0.053661 -0.102166 -1.325483
-0.058354 -0.099590 -1.237942
-0.056655 -0.100523 -1.330854
-0.055855 -0.100962 -1.397150
-0.056285 -0.100725 -1.430646
-0.056252 -0.100744 -1.479894
-0.057970 -0.099800 -1.296376
-0.059180 -0.097913 -1.270662
-0.061563 -0.096402 -1.261183
-0.062067 -0.096082 -1.275483
-0.061955 -0.096154 -1.239418
-0.063946 -0.094891 -1.316100
-0.060904 -0.096820 -1.429825
-0.060859 -0.096848 -1.395378
-0.063788 -0.094992 -1.363733
-0.059791 -0.097525 -1.479316
-0.062301 -0.097117 -1.254912
-0.059685 -0.098776 -1.348829
-0.063551 -0.096325 -1.275907
-0.058898 -0.099275 -1.248560
-0.062652 -0.096895 -1.330809
-0.061545 -0.097597 -1.390454
-0.063832 -0.096148 -1.482694
-0.063750 -0.096199 -1.316303
-0.063250 -0.096516 -1.483123
-0.065100 -0.094084 -1.378271
-0.065994 -0.093435 -1.249546
-0.064891 -0.094236 -1.326677
-0.065233 -0.093988 -1.279365
-0.067695 -0.092201 -1.486747
-0.068515 -0.091606 -1.428194
-0.069790 -0.090681 -1.408609
-0.066899 -0.092778 -1.395474
-0.068905 -0.091323 -1.359549
-0.066482 -0.094316 -1.405129
-0.065192 -0.095252 -1.427442
-0.067464 -0.093604 -1.265575
-0.067929 -0.093266 -1.280326
-0.069928 -0.091816 -1.490906
-0.067178 -0.093811 -1.395362
-0.070472 -0.091420 -1.441758
-0.069385 -0.092209 -1.481144
-0.070100 -0.091690 -1.430833
-0.071741 -0.089098 -1.383671
-0.072331 -0.088611 -1.257147
-0.071787 -0.089060 -1.379553
-0.072954 -0.088096 -1.254251
-0.074445 -0.086864 -1.381138
-0.074854 -0.086526 -1.374547
-0.072275 -0.088657 -1.435800
-0.073403 -0.087725 -1.342720
-0.072395 -0.088558 -1.453897
-0.072780 -0.089536 -1.236613
-0.071028 -0.090985 -1.358463
-0.072234 -0.089988 -1.368987
-0.073189 -0.089198 -1.337158
-0.070754 -0.091211 -1.409708
-0.073020 -0.089338 -1.391686
-0.074684 -0.087964 -1.446230
-0.075219 -0.087521 -1.458447
-0.074475 -0.088136 -1.330635
-0.075905 -0.085627 -1.341408
-0.078469 -0.083223 -1.298467
-0.076485 -0.085083 -1.319332
-0.076221 -0.085331 -1.253588
-0.076934 -0.084662 -1.332761
-0.079079 -0.082650 -1.325341
-0.079057 -0.082670 -1.343312
-0.079462 -0.082291 -1.363795
-0.079755 -0.082016 -1.297507
-0.077071 -0.085904 -1.405385
-0.079221 -0.083887 -1.315543
-0.079870 -0.083278 -1.258160
-0.078975 -0.084118 -1.324544
-0.079588 -0.083543 -1.251124
-0.081269 -0.081966 -1.420626
-0.080069 -0.083092 -1.375921
-0.078829 -0.084255 -1.458237
-0.080897 -0.082315 -1.400261
-0.081447 -0.080356 -1.426315
-0.082283 -0.079468 -1.404810
-0.083197 -0.078496 -1.372553
-0.082764 -0.078956 -1.305229
-0.081964 -0.079807 -1.297543
-0.083454 -0.078222 -1.442788
-0.084777 -0.076815 -1.493313
-0.085376 -0.076177 -1.264112
-0.083045 -0.078657 -1.414596
-0.085086 -0.077946 -1.282861
-0.081950 -0.081281 -1.413411
-0.081794 -0.081447 -1.447645
-0.085102 -0.077928 -1.256335
-0.083272 -0.079874 -1.274177
-0.085809 -0.077177 -1.400750
-0.084721 -0.078334 -1.490178
-0.085955 -0.077021 -1.405153
-0.082356 -0.080849 -1.465714
-0.087904 -0.073186 -1.255361
-0.087894 -0.073198 -1.257224
-0.086865 -0.074441 -1.374207
-0.086410 -0.074989 -1.325942
-0.086083 -0.075385 -1.395918
-0.090155 -0.070468 -1.307375
-0.090177 -0.070442 -1.371603
-0.087807 -0.073304 -1.479584
-0.090050 -0.070595 -1.286798
-0.089848 -0.071903 -1.494755
-0.087418 -0.075340 -1.326513
-0.090382 -0.071761 -1.238856
-0.086572 -0.076362 -1.460727
-0.089551 -0.072765 -1.296995
-0.089572 -0.072739 -1.386268
-0.090671 -0.071412 -1.397548
-0.091102 -0.070892 -1.445834
-0.088274 -0.074306 -1.489140
-0.090454 -0.071674 -1.452327
-0.092420 -0.067392 -1.350730
-0.090406 -0.070161 -1.485824
-0.091661 -0.068436 -1.315642
-0.091730 -0.068341 -1.302130
-0.092287 -0.067576 -1.410666
-0.094345 -0.064746 -1.370574
-0.091754 -0.068309 -1.458826
-0.094032 -0.065177 -1.292280
-0.091710 -0.068369 -1.483470
-0.093656 -0.067393 -1.294025
-0.091720 -0.070054 -1.339224
-0.091382 -0.070519 -1.360439
-0.092731 -0.068664 -1.367281
-0.095396 -0.065000 -1.307663
-0.094096 -0.066788 -1.426907
-0.092932 -0.068388 -1.484916
-0.092867 -0.068477 -1.443018
-0.094002 -0.066917 -1.436815
-0.096402 -0.061563 -1.276546
-0.097449 -0.059915 -1.287053
-0.096053 -0.062112 -1.371538
-0.094945 -0.063855 -1.432560
-0.096405 -0.061558 -1.375422
-0.097153 -0.060380 -1.375378
-0.097530 -0.059787 -1.383455
-0.096488 -0.061426 -1.494197
-0.098126 -0.058849 -1.280843
-0.096064 -0.063958 -1.277656
-0.095948 -0.064141 -1.425128
-0.098134 -0.060701 -1.243621
-0.095811 -0.064356 -1.252632
-0.098280 -0.060471 -1.452376
-0.098245 -0.060525 -1.332376
-0.098606 -0.059958 -1.360626
-0.099122 -0.059146 -1.452571
-0.097603 -0.061537 -1.415191
